Date,Open,High,Low,Close,Volume,Series,TOTAL_TRADES,QTY_PER_TRADE,DLV_QTY
2010-10-27,7.5,11.25,7.5,8.15,51758463,EQ,,,
2010-10-28,8.1,9.2,7.65,8.3,29117969,EQ,,,
2010-10-29,8.35,8.65,7.6,7.8,6397254,EQ,,,
2010-11-01,7.85,8.1,7.45,7.5,2613139,EQ,,,
2010-11-02,7.55,7.8,7.3,7.4,3040263,EQ,,,
2010-11-03,7.5,7.65,7.2,7.25,1047630,EQ,,,
2010-11-04,7.3,8.25,7.0,7.9,7163943,EQ,,,
2010-11-05,7.55,8.15,7.55,8.0,397206,EQ,,,
2010-11-08,8.1,8.15,7.6,7.8,922821,EQ,,,
2010-11-09,7.85,8.0,7.65,7.7,556045,EQ,,,
2010-11-10,7.75,7.85,7.5,7.55,355243,EQ,,,
2010-11-11,7.6,7.85,7.4,7.45,610457,EQ,,,
2010-11-12,7.3,7.55,7.1,7.15,321240,EQ,,,
2010-11-15,7.2,7.35,7.0,7.1,299905,EQ,,,
2010-11-16,7.15,7.15,6.45,6.5,357950,EQ,,,
2010-11-18,6.55,7.3,6.1,6.2,277911,EQ,,,
2010-11-19,6.25,6.35,5.65,5.85,391706,EQ,,,
2010-11-22,5.95,6.05,5.75,5.8,238820,EQ,,,
2010-11-23,5.8,5.8,5.3,5.35,330381,EQ,,,
2010-11-24,5.4,5.4,4.9,4.95,305746,EQ,,,
2010-11-25,5.0,5.6,4.65,5.2,965554,EQ,,,
2010-11-26,5.25,5.35,4.3,4.4,560006,EQ,,,
2010-11-29,4.4,4.5,4.05,4.2,253707,EQ,,,
2010-11-30,4.1,4.6,4.1,4.5,566574,EQ,,,
2010-12-01,4.5,4.95,4.4,4.95,361885,EQ,,,
2010-12-02,5.4,5.4,5.0,5.05,359340,EQ,,,
2010-12-03,5.05,5.1,4.55,4.6,283182,EQ,,,
2010-12-06,4.6,4.65,4.35,4.4,115567,EQ,,,
2010-12-07,4.4,4.45,3.95,3.95,286811,EQ,,,
2010-12-08,3.95,3.95,3.55,3.6,301180,EQ,,,
2010-12-09,3.65,3.7,3.4,3.4,110263,EQ,,,
2010-12-10,3.25,3.4,3.25,3.25,195057,EQ,,,
2010-12-13,3.1,3.4,3.1,3.15,168543,EQ,,,
2010-12-14,3.15,3.3,3.1,3.3,226396,EQ,,,
2010-12-15,3.4,3.45,3.3,3.35,107958,EQ,,,
2010-12-16,3.3,3.35,3.15,3.2,60577,EQ,,,
2010-12-20,3.2,3.35,3.1,3.25,89322,EQ,,,
2010-12-21,3.25,3.4,3.15,3.2,42198,EQ,,,
2010-12-22,3.15,3.2,3.05,3.1,41814,EQ,,,
2010-12-23,3.1,3.2,2.95,3.05,44997,EQ,,,
2010-12-24,3.05,3.2,2.95,3.1,137030,EQ,,,
2010-12-27,3.15,3.2,3.1,3.15,49328,EQ,,,
2010-12-28,3.15,3.15,3.0,3.0,61067,EQ,,,
2010-12-29,3.05,3.15,3.0,3.05,56564,EQ,,,
2010-12-30,3.05,3.15,3.05,3.1,109288,EQ,,,
2010-12-31,3.1,3.1,3.05,3.05,42975,EQ,,,
2011-01-03,3.15,3.2,3.1,3.1,49199,EQ,,,
2011-01-04,3.15,3.15,3.05,3.05,53243,EQ,,,
2011-01-05,3.05,3.1,3.0,3.05,34511,EQ,,,
2011-01-06,2.9,3.1,2.9,2.95,43451,EQ,,,
2011-01-07,2.95,3.0,2.7,2.75,70967,EQ,,,
2011-01-10,2.8,2.8,2.5,2.55,115243,EQ,,,
2011-01-11,2.5,2.65,2.4,2.45,64529,EQ,,,
2011-01-12,2.4,2.5,2.3,2.4,51950,EQ,,,
2011-01-13,2.35,2.55,2.3,2.3,54853,EQ,,,
2011-01-14,2.3,2.35,2.2,2.3,50401,EQ,,,
2011-01-17,2.3,2.4,2.2,2.3,28013,EQ,,,
2011-01-18,2.25,2.35,2.2,2.25,35062,EQ,,,
2011-01-19,2.25,2.25,2.15,2.15,45170,EQ,,,
2011-01-20,2.1,2.2,2.1,2.2,45973,EQ,,,
2011-01-21,2.15,2.2,2.15,2.15,34070,EQ,,,
2011-01-24,2.2,2.2,2.15,2.15,35579,EQ,,,
2011-01-25,2.15,2.2,2.1,2.15,27667,EQ,,,
2011-01-27,2.25,2.25,2.1,2.1,28489,EQ,,,
2011-01-28,2.15,2.15,2.0,2.0,24877,EQ,,,
2011-01-31,2.0,2.0,1.9,1.9,58521,EQ,,,
2011-02-01,1.85,1.95,1.85,1.9,42257,EQ,,,
2011-02-02,1.9,1.95,1.9,1.9,30788,EQ,,,
2011-02-03,1.9,1.95,1.8,1.95,26239,EQ,,,
2011-02-04,1.9,1.95,1.85,1.9,19286,EQ,,,
2011-02-07,1.9,1.9,1.8,1.85,28253,EQ,,,
2011-02-08,1.85,1.9,1.75,1.8,44672,EQ,,,
2011-02-09,1.8,1.8,1.7,1.7,44893,EQ,,,
2011-02-10,1.65,1.65,1.6,1.6,30333,EQ,,,
2011-02-11,1.55,1.65,1.55,1.6,63301,EQ,,,
2011-02-14,1.65,1.7,1.65,1.7,41254,EQ,,,
2011-02-15,1.8,1.8,1.75,1.8,23167,EQ,,,
2011-02-16,1.85,1.85,1.8,1.85,25990,EQ,,,
2011-02-17,1.95,1.95,1.9,1.95,104258,EQ,,,
2011-02-18,2.05,2.05,1.85,1.9,70367,EQ,,,
2011-02-21,1.9,1.9,1.8,1.9,33684,EQ,,,
2011-02-22,1.85,1.9,1.8,1.8,28204,EQ,,,
2011-02-23,1.8,1.8,1.7,1.7,36695,EQ,,,
2011-02-24,1.75,1.75,1.65,1.7,22573,EQ,,,
2011-02-25,1.6,1.7,1.6,1.65,31821,EQ,,,
2011-02-28,1.65,1.65,1.6,1.65,25696,EQ,,,
2011-03-01,1.7,1.7,1.6,1.7,26535,EQ,,,
2011-03-03,1.7,1.75,1.65,1.75,58171,EQ,,,
2011-03-04,1.7,1.8,1.65,1.7,19777,EQ,,,
2011-03-07,1.65,1.7,1.6,1.65,10745,EQ,,,
2011-03-08,1.6,1.65,1.6,1.6,45323,EQ,,,
2011-03-09,1.6,1.7,1.6,1.65,17566,EQ,,,
2011-03-10,1.65,1.7,1.6,1.65,9967,EQ,,,
2011-03-11,1.65,1.7,1.6,1.65,13788,EQ,,,
2011-03-14,1.6,1.65,1.6,1.6,9502,EQ,,,
2011-03-15,1.55,1.65,1.55,1.6,7841,EQ,,,
2011-03-16,1.55,1.7,1.55,1.6,21365,EQ,,,
2011-03-17,1.65,1.65,1.55,1.6,10840,EQ,,,
2011-03-18,1.6,1.6,1.55,1.6,7137,EQ,,,
2011-03-21,1.6,1.6,1.5,1.55,24314,EQ,,,
2011-03-22,1.55,1.6,1.5,1.6,20432,EQ,,,
2011-03-23,1.6,1.6,1.55,1.55,17055,EQ,,,
2011-03-24,1.55,1.6,1.5,1.55,90739,EQ,,,
2011-03-25,1.5,1.7,1.5,1.65,280420,EQ,,,
2011-03-28,1.7,1.8,1.55,1.6,238082,EQ,,,
2011-03-29,1.6,1.6,1.45,1.45,273316,EQ,,,
2011-03-30,1.45,1.5,1.4,1.5,54415,EQ,,,
2011-03-31,1.5,1.55,1.45,1.45,52251,EQ,,,
2011-04-01,1.45,1.6,1.4,1.55,102185,EQ,,,
2011-04-04,1.55,1.6,1.5,1.6,75102,EQ,,,
2011-04-05,1.55,1.7,1.55,1.7,90005,EQ,,,
2011-04-06,1.7,1.75,1.65,1.7,57337,EQ,,,
2011-04-07,1.75,1.9,1.7,1.8,126933,EQ,,,
2011-04-08,1.8,1.85,1.7,1.7,72332,EQ,,,
2011-04-11,1.7,1.75,1.6,1.65,56628,EQ,,,
2011-04-13,1.65,1.65,1.6,1.6,88593,EQ,,,
2011-04-15,1.6,1.65,1.55,1.6,37306,EQ,,,
2011-04-18,1.55,1.65,1.55,1.6,65702,EQ,,,
2011-04-19,1.6,1.6,1.45,1.55,31694,EQ,,,
2011-04-20,1.55,1.65,1.55,1.6,78323,EQ,,,
2011-04-21,1.55,1.6,1.55,1.6,18134,EQ,,,
2011-04-25,1.6,1.6,1.55,1.6,34059,EQ,,,
2011-04-26,1.55,1.6,1.55,1.55,35172,EQ,,,
2011-04-27,1.55,1.6,1.55,1.6,20869,EQ,,,
2011-04-28,1.55,1.65,1.55,1.6,49772,EQ,,,
2011-04-29,1.55,1.6,1.45,1.5,84022,EQ,,,
2011-05-02,1.45,1.5,1.45,1.5,10750,EQ,,,
2011-05-03,1.4,1.5,1.4,1.45,35153,EQ,,,
2011-05-04,1.45,1.45,1.4,1.45,17541,EQ,,,
2011-05-05,1.45,1.5,1.4,1.45,14465,EQ,,,
2011-05-06,1.4,1.5,1.4,1.4,21164,EQ,,,
2011-05-09,1.4,1.45,1.4,1.45,24203,EQ,,,
2011-05-10,1.45,1.5,1.45,1.45,55222,EQ,,,
2011-05-11,1.5,1.5,1.45,1.5,8994,EQ,,,
2011-05-12,1.5,1.6,1.4,1.55,53832,EQ,,,
2011-05-13,1.45,1.55,1.45,1.55,20002,EQ,,,
2011-05-16,1.5,1.55,1.5,1.55,14686,EQ,,,
2011-05-17,1.5,1.55,1.5,1.55,19834,EQ,,,
2011-05-18,1.5,1.55,1.5,1.5,29384,EQ,,,
2011-05-19,1.45,1.5,1.45,1.5,41461,EQ,,,
2011-05-20,1.45,1.5,1.45,1.5,4278,EQ,,,
2011-05-23,1.45,1.5,1.4,1.45,8666,EQ,,,
2011-05-24,1.45,1.5,1.4,1.4,7774,EQ,,,
2011-05-25,1.45,1.45,1.35,1.4,11708,EQ,,,
2011-05-26,1.4,1.45,1.4,1.4,7046,EQ,,,
2011-05-27,1.4,1.4,1.4,1.4,16154,EQ,,,
2011-05-30,1.4,1.4,1.4,1.4,12189,EQ,,,
2011-05-31,1.45,1.45,1.4,1.4,12073,EQ,,,
2011-06-01,1.4,1.45,1.4,1.4,10282,EQ,,,
2011-06-02,1.4,1.45,1.35,1.4,11272,EQ,,,
2011-06-03,1.35,1.45,1.35,1.4,13373,EQ,,,
2011-06-06,1.4,1.4,1.4,1.4,4053,EQ,,,
2011-06-07,1.4,1.4,1.4,1.4,9290,EQ,,,
2011-06-08,1.4,1.4,1.4,1.4,11745,EQ,,,
2011-06-09,1.4,1.4,1.35,1.4,5443,EQ,,,
2011-06-10,1.35,1.4,1.35,1.4,18612,EQ,,,
2011-06-13,1.35,1.35,1.35,1.35,10481,EQ,,,
2011-06-14,1.35,1.4,1.35,1.35,7537,EQ,,,
2011-06-15,1.35,1.4,1.35,1.35,8502,EQ,,,
2011-06-16,1.3,1.35,1.3,1.35,12932,EQ,,,
2011-06-17,1.3,1.4,1.3,1.35,5380,EQ,,,
2011-06-20,1.35,1.35,1.25,1.3,18545,EQ,,,
2011-06-21,1.2,1.4,1.2,1.3,10898,EQ,,,
2011-06-22,1.25,1.3,1.2,1.2,18644,EQ,,,
2011-06-23,1.15,1.2,1.15,1.2,21475,EQ,,,
2011-06-24,1.15,1.2,1.15,1.2,6540,EQ,,,
2011-06-27,1.2,1.2,1.2,1.2,11091,EQ,,,
2011-06-28,1.2,1.2,1.2,1.2,8793,EQ,,,
2011-06-29,1.15,1.4,1.15,1.35,73004,EQ,,,
2011-06-30,1.3,1.65,1.3,1.65,349377,EQ,,,
2011-07-01,1.7,1.9,1.4,1.5,1066473,EQ,,,
2011-07-04,1.45,1.45,1.2,1.2,1383597,EQ,,,
2011-07-05,1.2,1.4,1.2,1.3,535382,EQ,,,
2011-07-06,1.3,1.35,1.25,1.25,135043,EQ,,,
2011-07-07,1.25,1.3,1.2,1.25,67013,EQ,,,
2011-07-08,1.25,1.3,1.25,1.25,46638,EQ,,,
2011-07-11,1.25,1.25,1.2,1.25,41082,EQ,,,
2011-07-12,1.2,1.25,1.0,1.15,86080,EQ,,,
2011-07-13,1.2,1.3,1.15,1.2,145345,EQ,,,
2011-07-14,1.2,1.25,1.2,1.2,58178,EQ,,,
2011-07-15,1.2,1.25,1.2,1.2,32143,EQ,,,
2011-07-18,1.2,1.25,1.2,1.2,25661,EQ,,,
2011-07-19,1.2,1.25,1.2,1.2,25881,EQ,,,
2011-07-20,1.2,1.25,1.2,1.2,38917,EQ,,,
2011-07-21,1.2,1.2,1.15,1.15,49583,EQ,,,
2011-07-22,1.2,1.2,1.15,1.15,23525,EQ,,,
2011-07-25,1.15,1.15,1.15,1.15,24628,EQ,,,
2011-07-26,1.15,1.15,1.15,1.15,20626,EQ,,,
2011-07-27,1.15,1.15,1.15,1.15,16788,EQ,,,
2011-07-28,1.15,1.15,1.1,1.15,17345,EQ,,,
2011-07-29,1.15,1.15,1.1,1.1,46842,EQ,,,
2011-08-01,1.0,1.15,1.0,1.1,32873,EQ,,,
2011-08-02,1.1,1.1,1.05,1.05,52659,EQ,,,
2011-08-03,1.0,1.1,1.0,1.05,28709,EQ,,,
2011-08-04,1.0,1.1,1.0,1.05,22165,EQ,,,
2011-08-05,1.0,1.05,1.0,1.05,48687,EQ,,,
2011-08-08,1.0,1.05,0.95,1.0,32129,EQ,,,
2011-08-09,1.0,1.0,0.95,0.95,43026,EQ,,,
2011-08-10,0.95,1.05,0.95,1.0,52020,EQ,,,
2011-08-11,1.0,1.05,1.0,1.0,19819,EQ,,,
2011-08-12,1.05,1.05,1.0,1.0,27675,EQ,,,
2011-08-16,1.0,1.0,0.9,0.95,34652,EQ,,,
2011-08-17,1.0,1.0,0.9,0.9,47703,EQ,,,
2011-08-18,0.9,0.9,0.85,0.9,29160,EQ,,,
2011-08-19,0.85,0.9,0.85,0.85,18505,EQ,,,
2011-08-22,0.85,0.9,0.8,0.9,26360,EQ,,,
2011-08-23,0.9,0.9,0.9,0.9,8478,EQ,,,
2011-08-24,0.9,0.9,0.85,0.9,28269,EQ,,,
2011-08-25,0.9,0.9,0.85,0.9,33889,EQ,,,
2011-08-26,0.85,0.9,0.8,0.85,36458,EQ,,,
2011-08-29,0.85,0.9,0.85,0.9,39938,EQ,,,
2011-08-30,0.9,0.9,0.85,0.9,33431,EQ,,,
2011-09-02,0.9,1.0,0.85,0.95,35374,EQ,,,
2011-09-05,0.95,1.0,0.9,0.95,73590,EQ,,,
2011-09-06,0.95,1.0,0.95,0.95,32736,EQ,,,
2011-09-07,0.95,1.0,0.95,0.95,11347,EQ,,,
2011-09-08,0.95,1.05,0.95,1.05,66742,EQ,,,
2011-09-09,1.1,1.1,1.0,1.05,91225,EQ,,,
2011-09-12,1.05,1.1,1.05,1.05,8345,EQ,,,
2011-09-13,1.05,1.2,1.05,1.1,94169,EQ,,,
2011-09-14,1.15,1.2,1.1,1.15,79594,EQ,,,
2011-09-15,1.1,1.15,1.1,1.1,15913,EQ,,,
2011-09-16,1.1,1.15,1.05,1.05,23008,EQ,,,
2011-09-19,1.05,1.1,1.05,1.1,22778,EQ,,,
2011-09-20,1.1,1.1,1.1,1.1,3928,EQ,,,
2011-09-21,1.15,1.3,1.05,1.15,64713,EQ,,,
2011-09-22,1.1,1.25,1.1,1.2,141865,EQ,,,
2011-09-23,1.15,1.3,1.15,1.2,153997,EQ,,,
2011-09-26,1.2,1.25,1.2,1.25,117504,EQ,,,
2011-09-27,1.25,1.45,1.25,1.35,243759,EQ,,,
2011-09-28,1.35,1.45,1.3,1.4,179783,EQ,,,
2011-09-29,1.45,1.45,1.35,1.45,127246,EQ,,,
2011-09-30,1.45,1.5,1.3,1.4,146955,EQ,,,
2011-10-03,1.35,1.7,1.3,1.7,417277,EQ,,,
2011-10-04,1.65,1.95,1.6,1.7,634595,EQ,,,
2011-10-05,1.7,1.8,1.6,1.7,295984,EQ,,,
2011-10-07,1.8,1.95,1.8,1.85,308638,EQ,,,
2011-10-10,1.9,1.95,1.85,1.85,108061,EQ,,,
2011-10-11,1.95,1.95,1.8,1.85,69595,EQ,,,
2011-10-12,1.8,1.9,1.8,1.85,39019,EQ,,,
2011-10-13,1.85,2.0,1.85,1.9,66545,EQ,,,
2011-10-14,1.9,2.1,1.9,2.05,167093,EQ,,,
2011-10-17,2.15,2.25,2.05,2.25,157296,EQ,,,
2011-10-18,2.3,2.5,2.3,2.5,154438,EQ,,,
2011-10-19,2.5,2.6,2.5,2.6,239941,EQ,,,
2011-10-20,2.75,2.75,2.5,2.5,49127,EQ,,,
2011-10-21,2.5,2.5,2.35,2.35,7327,EQ,,,
2011-10-24,2.25,2.25,2.25,2.25,10500,EQ,,,
2011-10-25,2.15,2.15,2.15,2.15,1235,EQ,,,
2011-10-26,2.05,2.05,2.05,2.05,6200,EQ,,,
2011-10-28,1.95,1.95,1.95,1.95,8577,EQ,,,
2011-10-31,1.85,2.05,1.85,2.05,58220,EQ,,,
2011-11-01,2.05,2.15,2.05,2.15,23710,EQ,,,
2011-11-02,2.25,2.25,2.15,2.25,34455,EQ,,,
2011-11-03,2.2,2.35,2.15,2.15,88378,EQ,,,
2011-11-04,2.05,2.1,2.05,2.05,13867,EQ,,,
2011-11-08,1.95,2.15,1.85,2.05,101646,EQ,,,
2011-11-09,2.1,2.25,2.05,2.25,94249,EQ,,,
2011-11-11,2.3,2.5,2.2,2.3,159870,EQ,,,
2011-11-14,2.35,2.45,2.1,2.15,50350,EQ,,,
2011-11-15,2.2,2.2,1.95,2.0,64199,EQ,,,
2011-11-16,2.0,2.1,1.95,2.0,39176,EQ,,,
2011-11-17,2.0,2.05,1.95,1.95,18001,EQ,,,
2011-11-18,1.9,2.0,1.8,1.9,47544,EQ,,,
2011-11-21,1.9,1.9,1.8,1.8,16572,EQ,,,
2011-11-22,1.9,1.9,1.75,1.8,32465,EQ,,,
2011-11-23,1.7,1.75,1.6,1.6,41974,EQ,,,
2011-11-24,1.6,1.65,1.55,1.55,12148,EQ,,,
2011-11-25,1.55,1.55,1.45,1.45,9104,EQ,,,
2011-11-28,1.45,1.55,1.45,1.55,19248,EQ,,,
2011-11-29,1.5,1.55,1.45,1.45,20326,EQ,,,
2011-11-30,1.45,1.5,1.45,1.5,19394,EQ,,,
2011-12-01,1.5,1.55,1.5,1.5,6427,EQ,,,
2011-12-02,1.45,1.5,1.4,1.4,21978,EQ,,,
2011-12-05,1.4,1.5,1.35,1.4,19292,EQ,,,
2011-12-07,1.4,1.45,1.35,1.4,12522,EQ,,,
2011-12-08,1.4,1.4,1.3,1.35,5591,EQ,,,
2011-12-09,1.3,1.35,1.25,1.3,45066,EQ,,,
2011-12-12,1.25,1.35,1.25,1.25,7280,EQ,,,
2011-12-13,1.25,1.3,1.2,1.25,15110,EQ,,,
2011-12-14,1.2,1.25,1.2,1.2,18303,EQ,,,
2011-12-15,1.15,1.15,1.15,1.15,5913,EQ,,,
2011-12-16,1.1,1.2,1.1,1.15,15369,EQ,,,
2011-12-19,1.2,1.2,1.05,1.05,8867,EQ,,,
2011-12-20,1.05,1.1,1.0,1.05,5877,EQ,,,
2011-12-21,1.0,1.1,1.0,1.0,21403,EQ,,,
2011-12-22,1.0,1.05,1.0,1.0,15062,EQ,,,
2011-12-23,1.0,1.0,1.0,1.0,37574,EQ,,,
2011-12-26,1.0,1.05,1.0,1.05,5008,EQ,,,
2011-12-27,1.1,1.1,1.05,1.1,6167,EQ,,,
2011-12-28,1.1,1.15,1.1,1.15,6605,EQ,,,
2011-12-29,1.2,1.2,1.2,1.2,3220,EQ,,,
2011-12-30,1.25,1.25,1.25,1.25,10532,EQ,,,
2012-01-02,1.25,1.3,1.25,1.3,18989,EQ,,,
2012-01-03,1.35,1.4,1.35,1.4,7264,EQ,,,
2012-01-04,1.45,1.45,1.45,1.45,1855,EQ,,,
2012-01-05,1.55,1.55,1.55,1.55,9233,EQ,,,
2012-01-06,1.6,1.6,1.45,1.45,78470,EQ,,,
2012-01-07,1.45,1.45,1.4,1.4,6455,EQ,,,
2012-01-09,1.35,1.4,1.35,1.35,26863,EQ,,,
2012-01-10,1.4,1.4,1.35,1.4,18434,EQ,,,
2012-01-11,1.35,1.45,1.35,1.45,14211,EQ,,,
2012-01-12,1.45,1.55,1.45,1.55,21118,EQ,,,
2012-01-13,1.55,1.6,1.55,1.6,30593,EQ,,,
2012-01-16,1.6,1.65,1.55,1.6,9207,EQ,,,
2012-01-17,1.65,1.65,1.5,1.55,31962,EQ,,,
2012-01-18,1.55,1.55,1.5,1.5,6692,EQ,,,
2012-01-19,1.55,1.55,1.5,1.5,3224,EQ,,,
2012-01-20,1.55,1.55,1.45,1.5,8599,EQ,,,
2012-01-23,1.55,1.55,1.45,1.5,10820,EQ,,,
2012-01-24,1.5,1.55,1.5,1.55,8390,EQ,,,
2012-01-25,1.55,1.6,1.55,1.6,16978,EQ,,,
2012-01-27,1.6,1.65,1.5,1.55,7618,EQ,,,
2012-01-30,1.5,1.6,1.5,1.5,16881,EQ,,,
2012-01-31,1.5,1.5,1.45,1.5,2425,EQ,,,
2012-02-01,1.45,1.5,1.45,1.5,6818,EQ,,,
2012-02-02,1.5,1.5,1.45,1.5,9366,EQ,,,
2012-02-03,1.45,1.5,1.45,1.5,9428,EQ,,,
2012-02-06,1.5,1.5,1.5,1.5,6065,EQ,,,
2012-02-07,1.5,1.55,1.5,1.5,26383,EQ,,,
2012-02-08,1.55,1.55,1.5,1.55,19673,EQ,,,
2012-02-09,1.55,1.6,1.55,1.6,47474,EQ,,,
2012-02-10,1.65,1.7,1.6,1.65,14459,EQ,,,
2012-02-13,1.6,1.65,1.6,1.6,10065,EQ,,,
2012-02-14,1.55,1.6,1.5,1.5,6670,EQ,,,
2012-02-15,1.5,1.55,1.45,1.5,12998,EQ,,,
2012-02-16,1.45,1.5,1.45,1.5,6427,EQ,,,
2012-02-17,1.5,1.5,1.45,1.45,7475,EQ,,,
2012-02-21,1.5,1.55,1.45,1.5,26483,EQ,,,
2012-02-22,1.5,1.6,1.45,1.45,6868,EQ,,,
2012-02-23,1.45,1.45,1.4,1.4,4688,EQ,,,
2012-02-24,1.4,1.45,1.35,1.35,25388,EQ,,,
2012-02-27,1.3,1.35,1.3,1.35,12566,EQ,,,
2012-02-28,1.35,1.4,1.3,1.35,14155,EQ,,,
2012-02-29,1.3,1.4,1.3,1.35,5598,EQ,,,
2012-03-01,1.3,1.4,1.3,1.4,14065,EQ,,,
2012-03-02,1.35,1.4,1.35,1.35,4228,EQ,,,
2012-03-03,1.3,1.4,1.3,1.4,450,EQ,,,
2012-03-05,1.4,1.4,1.3,1.3,4548,EQ,,,
2012-03-06,1.3,1.35,1.25,1.25,3028,EQ,,,
2012-03-07,1.25,1.3,1.25,1.3,2547,EQ,,,
2012-03-09,1.3,1.45,1.3,1.4,6596,EQ,,,
2012-03-12,1.35,1.4,1.3,1.35,4603,EQ,,,
2012-03-13,1.35,1.45,1.3,1.45,23043,EQ,,,
2012-03-14,1.4,1.6,1.4,1.5,23329,EQ,,,
2012-03-15,1.45,1.65,1.4,1.5,42380,EQ,,,
2012-03-16,1.45,1.5,1.45,1.45,3577,EQ,,,
2012-03-19,1.45,1.5,1.4,1.45,6533,EQ,,,
2012-03-20,1.4,1.5,1.4,1.4,434,EQ,,,
2012-03-21,1.45,1.45,1.4,1.4,20899,EQ,,,
2012-03-22,1.4,1.4,1.35,1.35,7486,EQ,,,
2012-03-23,1.35,1.45,1.3,1.35,3635,EQ,,,
2012-03-26,1.4,1.4,1.25,1.3,28572,EQ,,,
2012-03-27,1.3,1.35,1.25,1.3,6006,EQ,,,
2012-03-28,1.25,1.35,1.2,1.2,25246,EQ,,,
2012-03-29,1.2,1.3,1.2,1.3,1144,EQ,,,
2012-03-30,1.3,1.4,1.25,1.3,4241,EQ,,,
2012-04-02,1.25,1.35,1.2,1.3,1400,EQ,,,
2012-04-03,1.25,1.35,1.25,1.3,2277,EQ,,,
2012-04-04,1.3,1.35,1.3,1.3,2776,EQ,,,
2012-04-09,1.25,1.35,1.25,1.35,3578,EQ,,,
2012-04-10,1.35,1.35,1.25,1.35,5596,EQ,,,
2012-04-11,1.35,1.35,1.3,1.3,2550,EQ,,,
2012-04-12,1.25,1.3,1.2,1.25,7465,EQ,,,
2012-04-13,1.3,1.35,1.25,1.25,4163,EQ,,,
2012-04-16,1.2,1.25,1.2,1.25,2262,EQ,,,
2012-04-17,1.25,1.3,1.2,1.25,3376,EQ,,,
2012-04-18,1.25,1.35,1.25,1.25,6335,EQ,,,
2012-04-19,1.25,1.3,1.25,1.25,2238,EQ,,,
2012-04-20,1.25,1.3,1.2,1.3,2618,EQ,,,
2012-04-23,1.3,1.3,1.2,1.25,2759,EQ,,,
2012-04-24,1.2,1.3,1.2,1.25,3381,EQ,,,
2012-04-25,1.25,1.3,1.25,1.25,1603,EQ,,,
2012-04-26,1.2,1.3,1.2,1.25,6556,EQ,,,
2012-04-27,1.3,1.3,1.2,1.25,4659,EQ,,,
2012-04-30,1.25,1.3,1.25,1.25,662,EQ,,,
2012-05-02,1.3,1.3,1.2,1.2,6407,EQ,,,
2012-05-03,1.2,1.25,1.2,1.2,1755,EQ,,,
2012-05-04,1.15,1.2,1.15,1.2,7220,EQ,,,
2012-05-07,1.2,1.2,1.15,1.2,7072,EQ,,,
2012-05-08,1.15,1.4,1.15,1.2,2498,EQ,,,
2012-05-09,1.15,1.4,1.15,1.2,3722,EQ,,,
2012-05-10,1.2,1.2,1.15,1.15,5028,EQ,,,
2012-05-11,1.15,1.15,1.1,1.15,16838,EQ,,,
2012-05-14,1.15,1.2,1.15,1.15,1821,EQ,,,
2012-05-15,1.2,1.2,1.15,1.2,882,EQ,,,
2012-05-16,1.15,1.2,1.1,1.15,2251,EQ,,,
2012-05-17,1.1,1.2,1.1,1.2,2072,EQ,,,
2012-05-18,1.15,1.15,1.1,1.15,2138,EQ,,,
2012-05-21,1.15,1.35,1.15,1.2,3202,EQ,,,
2012-05-22,1.15,1.25,1.15,1.2,1980,EQ,,,
2012-05-23,1.2,1.25,1.15,1.2,2266,EQ,,,
2012-05-24,1.2,1.25,1.15,1.2,7749,EQ,,,
2012-05-25,1.25,1.25,1.2,1.2,636,EQ,,,
2012-05-28,1.15,1.25,1.15,1.2,1162,EQ,,,
2012-05-29,1.2,1.2,1.2,1.2,3084,EQ,,,
2012-05-30,1.15,1.25,1.15,1.2,4193,EQ,,,
2012-05-31,1.2,1.25,1.2,1.25,688,EQ,,,
2012-06-01,1.2,1.25,1.15,1.15,4200,EQ,,,
2012-06-04,1.15,1.2,1.15,1.15,3691,EQ,,,
2012-06-05,1.1,1.2,1.1,1.15,970,EQ,,,
2012-06-06,1.1,1.15,1.1,1.15,996,EQ,,,
2012-06-07,1.15,1.2,1.15,1.15,2098,EQ,,,
2012-06-08,1.15,1.15,1.15,1.15,1789,EQ,,,
2012-06-11,1.2,1.2,1.15,1.15,6747,EQ,,,
2012-06-12,1.1,1.15,1.1,1.1,4572,EQ,,,
2012-06-13,1.15,1.2,1.15,1.15,1100,EQ,,,
2012-06-14,1.2,1.2,1.1,1.1,7194,EQ,,,
2012-06-15,1.1,1.1,1.1,1.1,400,EQ,,,
2012-06-18,1.15,1.15,1.1,1.1,2647,EQ,,,
2012-06-19,1.1,1.15,1.1,1.1,1468,EQ,,,
2012-06-20,1.1,1.15,1.1,1.15,1430,EQ,,,
2012-06-21,1.1,1.15,1.05,1.1,13822,EQ,,,
2012-06-22,1.05,1.1,1.05,1.1,1393,EQ,,,
2012-06-25,1.1,1.2,1.1,1.1,4374,EQ,,,
2012-06-26,1.1,1.15,1.1,1.1,5382,EQ,,,
2012-06-27,1.1,1.15,1.1,1.1,367,EQ,,,
2012-06-28,1.05,1.15,1.05,1.1,1212,EQ,,,
2012-06-29,1.1,1.15,1.1,1.1,404,EQ,,,
2012-07-02,1.1,1.15,1.1,1.1,3994,EQ,,,
2012-07-03,1.15,1.15,1.1,1.1,3526,EQ,,,
2012-07-04,1.1,1.15,1.1,1.15,3421,EQ,,,
2012-07-05,1.1,1.2,1.1,1.15,3050,EQ,,,
2012-07-06,1.1,1.35,1.1,1.3,42162,EQ,,,
2012-07-09,1.25,1.3,1.2,1.25,15299,EQ,,,
2012-07-10,1.15,1.25,1.15,1.25,4506,EQ,,,
2012-07-11,1.2,1.25,1.2,1.2,1565,EQ,,,
2012-07-12,1.25,1.25,1.15,1.25,2723,EQ,,,
2012-07-13,1.25,1.25,1.15,1.25,4384,EQ,,,
2012-07-16,1.25,1.3,1.1,1.2,5141,EQ,,,
2012-07-17,1.15,1.2,1.15,1.15,1907,EQ,,,
2012-07-18,1.15,1.2,1.15,1.15,6644,EQ,,,
2012-07-19,1.1,1.15,1.1,1.15,3247,EQ,,,
2012-07-20,1.1,1.15,1.1,1.1,1431,EQ,,,
2012-07-23,1.1,1.15,1.1,1.15,11090,EQ,,,
2012-07-24,1.1,1.15,1.1,1.1,6873,EQ,,,
2012-07-25,1.1,1.15,1.0,1.05,8685,EQ,,,
2012-07-26,1.05,1.05,1.0,1.0,2906,EQ,,,
2012-07-27,0.95,1.1,0.95,1.05,3959,EQ,,,
2012-07-30,1.0,1.1,1.0,1.0,11378,EQ,,,
2012-07-31,1.0,1.05,1.0,1.0,3691,EQ,,,
2012-08-01,1.0,1.0,0.95,1.0,6577,EQ,,,
2012-08-02,1.0,1.0,1.0,1.0,1233,EQ,,,
2012-08-03,1.0,1.05,0.95,1.05,4573,EQ,,,
2012-08-06,1.05,1.05,0.95,1.0,12891,EQ,,,
2012-08-07,1.0,1.0,1.0,1.0,470,EQ,,,
2012-08-08,1.0,1.05,1.0,1.0,2926,EQ,,,
2012-08-09,0.95,1.05,0.95,1.0,2862,EQ,,,
2012-08-10,1.0,1.0,0.95,1.0,891,EQ,,,
2012-08-13,1.0,1.0,0.9,0.9,8575,EQ,,,
2012-08-14,0.9,1.0,0.9,0.95,4869,EQ,,,
2012-08-16,0.95,0.95,0.9,0.9,2479,EQ,,,
2012-08-17,0.95,0.95,0.9,0.9,750,EQ,,,
2012-08-21,0.9,1.1,0.9,1.1,26416,EQ,,,
2012-08-22,1.05,1.2,1.05,1.1,29131,EQ,,,
2012-08-23,1.0,1.1,1.0,1.1,6629,EQ,,,
2012-08-24,1.05,1.1,1.0,1.1,6540,EQ,,,
2012-08-27,1.1,1.1,1.0,1.0,7108,EQ,,,
2012-08-28,0.95,1.05,0.95,1.05,6060,EQ,,,
2012-08-29,1.1,1.15,1.05,1.1,16021,EQ,,,
2012-08-30,1.0,1.15,1.0,1.1,9917,EQ,,,
2012-08-31,1.05,1.1,1.05,1.1,5244,EQ,,,
2012-09-03,1.1,1.2,1.1,1.1,7833,EQ,,,
2012-09-04,1.1,1.3,1.1,1.25,36717,EQ,,,
2012-09-05,1.3,1.35,1.25,1.3,21794,EQ,,,
2012-09-06,1.3,1.45,1.3,1.4,30518,EQ,,,
2012-09-07,1.5,1.6,1.4,1.5,45434,EQ,,,
2012-09-08,1.6,1.6,1.45,1.55,6608,EQ,,,
2012-09-10,1.5,1.55,1.45,1.45,13746,EQ,,,
2012-09-11,1.4,1.4,1.35,1.35,27350,EQ,,,
2012-09-12,1.3,1.4,1.25,1.25,17812,EQ,,,
2012-09-13,1.25,1.35,1.25,1.3,8906,EQ,,,
2012-09-14,1.3,1.35,1.2,1.2,22606,EQ,,,
2012-09-17,1.2,1.25,1.15,1.25,12590,EQ,,,
2012-09-18,1.2,1.3,1.2,1.25,10520,EQ,,,
2012-09-20,1.3,1.35,1.25,1.3,6405,EQ,,,
2012-09-21,1.3,1.35,1.3,1.35,8231,EQ,,,
2012-09-24,1.3,1.4,1.25,1.3,26487,EQ,,,
2012-09-25,1.3,1.35,1.3,1.35,6471,EQ,,,
2012-09-26,1.3,1.35,1.3,1.3,2112,EQ,,,
2012-09-27,1.25,1.3,1.25,1.3,4817,EQ,,,
2012-09-28,1.3,1.3,1.25,1.25,5119,EQ,,,
2012-10-01,1.3,1.3,1.25,1.3,8234,EQ,,,
2012-10-03,1.25,1.3,1.25,1.3,8975,EQ,,,
2012-10-04,1.3,1.35,1.3,1.3,11790,EQ,,,
2012-10-05,1.25,1.3,1.25,1.3,2284,EQ,,,
2012-10-08,1.25,1.25,1.25,1.25,2210,EQ,,,
2012-10-09,1.3,1.3,1.2,1.2,36887,EQ,,,
2012-10-10,1.25,1.25,1.2,1.25,10892,EQ,,,
2012-10-11,1.2,1.25,1.2,1.2,5264,EQ,,,
2012-10-12,1.25,1.25,1.2,1.2,2128,EQ,,,
2012-10-15,1.2,1.25,1.2,1.25,3001,EQ,,,
2012-10-16,1.2,1.3,1.2,1.25,1626,EQ,,,
2012-10-17,1.3,1.3,1.2,1.2,3787,EQ,,,
2012-10-18,1.25,1.25,1.2,1.25,909,EQ,,,
2012-10-19,1.25,1.3,1.2,1.25,8339,EQ,,,
2012-10-22,1.2,1.35,1.2,1.35,18737,EQ,,,
2012-10-23,1.4,1.4,1.35,1.4,33025,EQ,,,
2012-10-25,1.45,1.45,1.45,1.45,60057,EQ,,,
2012-10-26,1.5,1.55,1.5,1.55,11881,EQ,,,
2012-10-29,1.55,1.6,1.45,1.5,56880,EQ,,,
2012-10-30,1.45,1.55,1.4,1.5,41830,EQ,,,
2012-10-31,1.45,1.55,1.4,1.45,37823,EQ,,,
2012-11-01,1.45,1.5,1.4,1.4,7990,EQ,,,
2012-11-02,1.45,1.5,1.45,1.5,19315,EQ,,,
2012-11-05,1.55,1.55,1.55,1.55,16255,EQ,,,
2012-11-06,1.6,1.6,1.6,1.6,17138,EQ,,,
2012-11-07,1.7,1.7,1.6,1.7,87296,EQ,,,
2012-11-08,1.75,1.8,1.65,1.8,66248,EQ,,,
2012-11-09,1.75,1.8,1.7,1.75,33472,EQ,,,
2012-11-12,1.75,1.85,1.75,1.8,136963,EQ,,,
2012-11-13,1.8,1.85,1.8,1.85,35285,EQ,,,
2012-11-15,1.8,1.85,1.75,1.75,4020,EQ,,,
2012-11-16,1.7,1.8,1.65,1.7,18658,EQ,,,
2012-11-19,1.8,1.8,1.65,1.75,4134,EQ,,,
2012-11-20,1.65,1.7,1.65,1.65,5049,EQ,,,
2012-11-21,1.55,1.75,1.55,1.6,34302,EQ,,,
2012-11-22,1.65,1.7,1.6,1.65,12474,EQ,,,
2012-11-23,1.6,1.65,1.55,1.6,17130,EQ,,,
2012-11-26,1.65,1.7,1.6,1.7,63328,EQ,,,
2012-11-27,1.75,1.75,1.7,1.7,3467,EQ,,,
2012-11-29,1.7,1.75,1.65,1.7,10857,EQ,,,
2012-11-30,1.6,1.7,1.6,1.7,8763,EQ,,,
2012-12-03,1.6,1.6,1.6,1.6,2263,BE,,,
2012-12-04,1.55,1.6,1.5,1.55,5898,BE,,,
2012-12-05,1.6,1.6,1.45,1.55,6763,BE,,,
2012-12-06,1.5,1.6,1.5,1.5,6481,BE,,,
2012-12-07,1.5,1.5,1.4,1.4,11903,BE,,,
2012-12-10,1.5,1.5,1.35,1.4,16643,BE,,,
2012-12-11,1.3,1.4,1.3,1.35,2681,BE,,,
2012-12-12,1.35,1.4,1.25,1.4,15280,BE,,,
2012-12-13,1.4,1.45,1.4,1.45,9153,BE,,,
2012-12-14,1.4,1.55,1.4,1.5,3484,BE,,,
2012-12-17,1.45,1.45,1.45,1.45,2200,BE,,,
2012-12-18,1.4,1.5,1.4,1.5,1101,BE,,,
2012-12-19,1.45,1.5,1.4,1.4,1441,BE,,,
2012-12-20,1.4,1.5,1.4,1.45,1747,BE,,,
2012-12-21,1.4,1.45,1.4,1.45,13879,BE,,,
2012-12-24,1.45,1.5,1.4,1.5,999,BE,,,
2012-12-26,1.4,1.5,1.4,1.5,4898,BE,,,
2012-12-27,1.4,1.5,1.4,1.5,1460,BE,,,
2012-12-28,1.4,1.4,1.4,1.4,1270,BE,,,
2012-12-31,1.35,1.4,1.35,1.4,8003,BE,,,
2013-01-01,1.35,1.35,1.35,1.35,6250,BE,,,
2013-01-02,1.4,1.4,1.25,1.4,8907,BE,,,
2013-01-03,1.45,1.45,1.35,1.45,8970,BE,,,
2013-01-04,1.45,1.5,1.4,1.5,8753,BE,,,
2013-01-07,1.5,1.55,1.5,1.55,14077,BE,,,
2013-01-08,1.5,1.55,1.45,1.45,15482,BE,,,
2013-01-09,1.45,1.5,1.4,1.5,16880,BE,,,
2013-01-10,1.45,1.5,1.4,1.5,22379,BE,,,
2013-01-11,1.4,1.5,1.4,1.4,10018,BE,,,
2013-01-14,1.35,1.5,1.35,1.4,71674,BE,,,
2013-01-15,1.35,1.5,1.35,1.45,39517,BE,,,
2013-01-16,1.55,1.55,1.4,1.5,19131,BE,,,
2013-01-17,1.4,1.55,1.4,1.55,31006,BE,,,
2013-01-18,1.6,1.65,1.5,1.6,67043,BE,,,
2013-01-21,1.7,1.7,1.6,1.7,94441,BE,,,
2013-01-22,1.8,1.8,1.7,1.8,54008,BE,,,
2013-01-23,1.85,1.85,1.7,1.85,48809,BE,,,
2013-01-24,1.95,1.95,1.75,1.85,17902,BE,,,
2013-01-25,1.8,1.95,1.8,1.95,55432,BE,,,
2013-01-28,1.95,2.0,1.85,2.0,67134,BE,,,
2013-01-29,2.1,2.1,1.9,2.1,60672,BE,,,
2013-01-30,2.1,2.2,2.0,2.15,39391,BE,,,
2013-01-31,2.25,2.3,2.05,2.25,86881,BE,,,
2013-02-01,2.25,2.35,2.2,2.3,51653,BE,,,
2013-02-04,2.4,2.4,2.2,2.3,33638,BE,,,
2013-02-05,2.2,2.35,2.2,2.25,38136,BE,,,
2013-02-06,2.2,2.35,2.15,2.2,90442,BE,,,
2013-02-07,2.15,2.15,2.1,2.1,63102,BE,,,
2013-02-08,2.0,2.2,2.0,2.2,153749,BE,,,
2013-02-11,2.1,2.3,2.1,2.3,71069,BE,,,
2013-02-12,2.2,2.35,2.2,2.3,38729,BE,,,
2013-02-13,2.3,2.35,2.25,2.3,28429,BE,,,
2013-02-14,2.3,2.3,2.2,2.3,37757,BE,,,
2013-02-15,2.35,2.35,2.2,2.3,52547,BE,,,
2013-02-18,2.3,2.4,2.3,2.4,50135,BE,,,
2013-02-19,2.3,2.5,2.3,2.5,42698,BE,,,
2013-02-20,2.5,2.6,2.5,2.6,157037,BE,,,
2013-02-21,2.6,2.75,2.6,2.7,32904,BE,,,
2013-02-22,2.75,2.8,2.65,2.75,21939,BE,,,
2013-02-25,2.75,2.9,2.6,2.85,48327,BE,,,
2013-02-26,2.9,3.0,2.75,2.95,38297,BE,,,
2013-02-27,3.1,3.1,2.9,3.0,43881,BE,,,
2013-02-28,3.15,3.15,3.05,3.15,81189,BE,,,
2013-03-01,3.1,3.25,3.0,3.2,37095,BE,,,
2013-03-04,3.3,3.35,3.05,3.35,81008,BE,,,
2013-03-05,3.25,3.45,3.25,3.4,15990,BE,,,
2013-03-06,3.3,3.6,3.3,3.55,14508,BE,,,
2013-03-07,3.55,3.65,3.5,3.6,24962,BE,,,
2013-03-08,3.5,3.65,3.4,3.4,16541,BE,,,
2013-03-11,3.25,3.4,3.25,3.25,2852,BE,,,
2013-03-12,3.1,3.1,3.1,3.1,405,BE,,,
2013-03-13,2.9,2.9,2.9,2.9,500,BE,,,
2013-03-14,2.8,2.8,2.8,2.8,470,BE,,,
2013-03-15,2.65,2.65,2.65,2.65,420,BE,,,
2013-03-18,2.5,2.5,2.5,2.5,101,BE,,,
2013-03-19,2.4,2.4,2.4,2.4,109,BE,,,
2013-03-20,2.25,2.25,2.25,2.25,350,BE,,,
2013-03-21,2.15,2.35,2.15,2.25,59696,BE,,,
2013-03-22,2.25,2.35,2.15,2.25,8001,BE,,,
2013-03-25,2.15,2.2,2.15,2.15,10385,BE,,,
2013-03-26,2.05,2.15,2.05,2.15,11690,BE,,,
2013-03-28,2.1,2.1,2.05,2.1,109,BE,,,
2013-04-01,2.0,2.0,2.0,2.0,1162,BE,,,
2013-04-02,2.0,2.1,2.0,2.1,2400,BE,,,
2013-04-03,2.2,2.2,2.2,2.2,433,BE,,,
2013-04-04,2.3,2.3,2.1,2.15,11943,BE,,,
2013-04-05,2.15,2.25,2.15,2.25,730,BE,,,
2013-04-08,2.15,2.35,2.15,2.35,3384,BE,,,
2013-04-09,2.4,2.45,2.25,2.4,8268,BE,,,
2013-04-10,2.5,2.5,2.35,2.5,7287,BE,,,
2013-04-11,2.4,2.5,2.4,2.5,1493,BE,,,
2013-04-12,2.4,2.6,2.4,2.5,4132,BE,,,
2013-04-15,2.4,2.55,2.4,2.5,1525,BE,,,
2013-04-16,2.45,2.5,2.4,2.4,18090,BE,,,
2013-04-17,2.35,2.35,2.3,2.3,2206,BE,,,
2013-04-18,2.25,2.25,2.25,2.25,560,BE,,,
2013-04-22,2.25,2.4,2.2,2.25,2205,BE,,,
2013-04-23,2.2,2.35,2.2,2.2,3235,BE,,,
2013-04-25,2.2,2.3,2.2,2.2,3816,BE,,,
2013-04-26,2.2,2.35,2.2,2.3,3639,BE,,,
2013-04-29,2.25,2.4,2.25,2.4,11356,BE,,,
2013-04-30,2.5,2.5,2.4,2.4,985,BE,,,
2013-05-02,2.4,2.55,2.4,2.4,12023,BE,,,
2013-05-03,2.35,2.35,2.3,2.3,3948,BE,,,
2013-05-06,2.3,2.3,2.2,2.25,2400,BE,,,
2013-05-07,2.2,2.2,2.2,2.2,5363,BE,,,
2013-05-08,2.25,2.3,2.2,2.25,10964,BE,,,
2013-05-09,2.2,2.2,2.2,2.2,396,BE,,,
2013-05-10,2.1,2.25,2.1,2.2,3073,BE,,,
2013-05-13,2.1,2.15,2.1,2.15,1760,BE,,,
2013-05-14,2.1,2.1,2.1,2.1,2129,BE,,,
2013-05-15,2.1,2.2,2.1,2.15,3596,BE,,,
2013-05-16,2.1,2.25,2.1,2.15,1912,BE,,,
2013-05-17,2.15,2.15,2.05,2.15,2324,BE,,,
2013-05-20,2.2,2.2,2.15,2.15,2905,BE,,,
2013-05-21,2.1,2.1,2.1,2.1,1650,BE,,,
2013-05-22,2.1,2.1,2.1,2.1,986,BE,,,
2013-05-23,2.1,2.2,2.0,2.1,3577,BE,,,
2013-05-24,2.0,2.2,2.0,2.2,1934,BE,,,
2013-05-27,2.1,2.2,2.1,2.15,2337,BE,,,
2013-05-28,2.15,2.25,2.1,2.15,2051,BE,,,
2013-05-29,2.05,2.25,2.05,2.25,3290,BE,,,
2013-05-30,2.25,2.25,2.25,2.25,4170,BE,,,
2013-05-31,2.2,2.2,2.2,2.2,4594,BE,,,
2013-06-03,2.15,2.35,2.15,2.35,3850,BE,,,
2013-06-04,2.35,2.45,2.35,2.4,5200,BE,,,
2013-06-05,2.4,2.4,2.35,2.35,190,BE,,,
2013-06-06,2.35,2.35,2.35,2.35,314,BE,,,
2013-06-07,2.3,2.4,2.25,2.4,5770,BE,,,
2013-06-10,2.25,2.3,2.25,2.3,3850,BE,,,
2013-06-11,2.3,2.4,2.3,2.4,1810,BE,,,
2013-06-12,2.3,2.55,2.3,2.55,5607,BE,,,
2013-06-13,2.45,2.65,2.45,2.6,5674,BE,,,
2013-06-14,2.6,2.75,2.55,2.7,35129,EQ,,,
2013-06-17,2.7,2.85,2.7,2.7,7760,EQ,,,
2013-06-18,2.7,2.8,2.7,2.75,5187,EQ,,,
2013-06-19,2.65,2.8,2.65,2.8,6748,EQ,,,
2013-06-20,2.7,2.9,2.7,2.85,6695,EQ,,,
2013-06-21,2.85,2.95,2.8,2.95,8070,EQ,,,
2013-06-24,3.0,3.0,2.8,2.9,6935,EQ,,,
2013-06-25,2.85,3.05,2.85,3.05,26716,EQ,,,
2013-06-26,3.05,3.15,3.0,3.0,17862,EQ,,,
2013-06-27,2.95,3.05,2.95,2.95,26223,EQ,,,
2013-06-28,2.9,3.0,2.8,2.9,13370,EQ,,,
2013-07-01,2.75,2.9,2.75,2.8,9731,EQ,,,
2013-07-02,2.7,2.8,2.65,2.75,9270,EQ,,,
2013-07-03,2.65,2.8,2.65,2.65,6590,EQ,,,
2013-07-04,2.75,2.75,2.6,2.65,4941,EQ,,,
2013-07-05,2.65,2.7,2.65,2.65,10900,EQ,,,
2013-07-09,2.5,2.5,2.5,2.5,800,EQ,,,
2013-07-10,2.4,2.55,2.4,2.55,4590,EQ,,,
2013-07-11,2.6,2.65,2.6,2.65,5369,EQ,,,
2013-07-12,2.75,2.9,2.75,2.9,10181,EQ,,,
2013-07-15,2.9,2.95,2.9,2.95,10073,EQ,,,
2013-07-16,2.8,3.2,2.8,3.15,8850,EQ,,,
2013-07-17,2.95,3.0,2.9,3.0,11073,EQ,,,
2013-07-18,2.9,3.1,2.9,3.1,6425,EQ,,,
2013-07-19,2.95,2.95,2.95,2.95,10990,EQ,,,
2013-07-22,2.9,2.9,2.9,2.9,9600,EQ,,,
2013-07-23,2.85,2.9,2.85,2.9,9480,EQ,,,
2013-07-24,2.85,2.9,2.85,2.9,9020,EQ,,,
2013-07-25,2.9,2.9,2.85,2.9,8643,EQ,,,
2013-07-26,2.9,2.9,2.9,2.9,9247,EQ,,,
2013-07-29,2.8,2.9,2.8,2.9,8414,EQ,,,
2013-07-30,2.9,2.9,2.85,2.85,7500,EQ,,,
2013-07-31,2.85,2.85,2.85,2.85,13025,EQ,,,
2013-08-01,2.85,2.85,2.8,2.85,14084,EQ,,,
2013-08-02,2.8,2.85,2.8,2.8,11791,EQ,,,
2013-08-05,2.8,2.8,2.65,2.7,16414,EQ,,,
2013-08-06,2.65,2.7,2.5,2.7,22477,EQ,,,
2013-08-07,2.65,2.75,2.6,2.75,6758,EQ,,,
2013-08-08,2.7,2.75,2.7,2.7,7100,EQ,,,
2013-08-12,2.7,2.7,2.7,2.7,8129,EQ,,,
2013-08-13,2.7,2.7,2.65,2.7,10069,EQ,,,
2013-08-14,2.7,2.7,2.7,2.7,10003,EQ,,,
2013-08-16,2.7,2.7,2.7,2.7,8593,EQ,,,
2013-08-19,2.7,2.7,2.7,2.7,12455,EQ,,,
2013-08-20,2.7,2.7,2.7,2.7,10200,EQ,,,
2013-08-21,2.7,2.7,2.65,2.7,12225,EQ,,,
2013-08-22,2.65,2.7,2.65,2.65,10575,EQ,,,
2013-08-23,2.7,2.7,2.7,2.7,7052,EQ,,,
2013-08-26,2.7,2.7,2.7,2.7,11750,EQ,,,
2013-08-27,2.65,2.7,2.6,2.65,11840,EQ,,,
2013-08-28,2.7,2.7,2.65,2.7,10983,EQ,,,
2013-08-29,2.7,2.7,2.7,2.7,11520,EQ,,,
2013-08-30,2.65,2.7,2.65,2.7,11180,EQ,,,
2013-09-02,2.65,2.7,2.65,2.7,13110,EQ,,,
2013-09-03,2.7,2.7,2.7,2.7,15020,EQ,,,
2013-09-04,2.7,2.7,2.7,2.7,13920,EQ,,,
2013-09-05,2.7,2.7,2.65,2.65,15380,EQ,,,
2013-09-06,2.7,2.7,2.65,2.65,15480,EQ,,,
2013-09-10,2.7,2.7,2.5,2.7,10470,EQ,,,
2013-09-11,2.7,2.7,2.7,2.7,19923,EQ,,,
2013-09-12,2.7,2.7,2.7,2.7,22611,EQ,,,
2013-09-13,2.7,2.7,2.4,2.4,25971,EQ,,,
2013-09-16,2.7,2.7,2.65,2.65,23280,EQ,,,
2013-09-17,2.7,2.7,2.7,2.7,28045,EQ,,,
2013-09-18,2.7,2.7,2.55,2.55,20700,EQ,,,
2013-09-19,2.7,2.7,2.65,2.7,20529,EQ,,,
2013-09-20,2.7,2.7,2.7,2.7,17584,EQ,,,
2013-09-23,2.7,2.7,2.7,2.7,15400,EQ,,,
2013-09-24,2.7,2.7,2.7,2.7,17275,EQ,,,
2013-09-25,2.7,2.7,2.7,2.7,12804,EQ,,,
2013-09-26,2.7,2.7,2.7,2.7,12915,EQ,,,
2013-09-27,2.7,2.7,2.65,2.65,13948,EQ,,,
2013-09-30,2.7,2.7,2.65,2.65,13875,EQ,,,
2013-10-01,2.7,2.7,2.7,2.7,13080,EQ,,,
2013-10-03,2.7,2.7,2.65,2.65,13090,EQ,,,
2013-10-04,2.7,2.7,2.65,2.7,13163,EQ,,,
2013-10-07,2.7,2.7,2.7,2.7,13255,EQ,,,
2013-10-08,2.7,2.7,2.65,2.65,14130,EQ,,,
2013-10-09,2.7,2.7,2.65,2.65,15165,EQ,,,
2013-10-10,2.7,2.7,2.65,2.65,12059,EQ,,,
2013-10-11,2.7,2.7,2.65,2.65,11260,EQ,,,
2013-10-14,2.7,2.7,2.65,2.65,12200,EQ,,,
2013-10-15,2.65,2.65,2.65,2.65,14360,EQ,,,
2013-10-17,2.65,2.65,2.65,2.65,15150,EQ,,,
2013-10-18,2.65,2.65,2.65,2.65,13380,EQ,,,
2013-10-21,2.65,2.65,2.65,2.65,12605,EQ,,,
2013-10-22,2.65,2.7,2.3,2.7,12950,EQ,,,
2013-10-23,2.7,2.7,2.7,2.7,12280,EQ,,,
2013-10-24,2.7,2.7,2.65,2.65,13000,EQ,,,
2013-10-25,2.65,2.65,2.65,2.65,10510,EQ,,,
2013-10-28,2.65,2.65,2.65,2.65,12380,EQ,,,
2013-10-29,2.65,3.2,2.65,2.65,11405,EQ,,,
2013-10-30,2.65,2.65,2.65,2.65,10820,EQ,,,
2013-10-31,2.65,2.65,2.65,2.65,8600,EQ,,,
2013-11-01,2.65,2.65,2.65,2.65,10000,EQ,,,
2013-11-03,2.7,2.7,2.7,2.7,3473,EQ,,,
2013-11-05,2.7,2.7,2.6,2.7,10508,EQ,,,
2013-11-06,2.7,2.7,2.65,2.7,10000,EQ,,,
2013-11-07,2.65,2.7,2.65,2.7,12568,EQ,,,
2013-11-08,2.65,2.65,2.65,2.65,10700,EQ,,,
2013-11-11,2.65,2.65,2.65,2.65,10500,EQ,,,
2013-11-12,2.65,2.65,2.65,2.65,11303,EQ,,,
2013-11-13,2.65,2.65,2.65,2.65,12680,EQ,,,
2013-11-14,2.65,2.65,2.65,2.65,10491,EQ,,,
2013-11-18,2.65,2.65,2.65,2.65,9999,EQ,,,
2013-11-19,2.65,2.65,2.65,2.65,10130,EQ,,,
2013-11-20,2.65,2.65,2.65,2.65,10600,EQ,,,
2013-11-21,2.65,2.7,2.65,2.65,9492,EQ,,,
2013-11-22,2.65,2.65,2.65,2.65,12000,EQ,,,
2013-11-25,2.65,2.65,2.65,2.65,10500,EQ,,,
2013-11-26,2.65,2.65,2.65,2.65,11846,EQ,,,
2013-11-27,2.65,2.65,2.65,2.65,10545,EQ,,,
2013-11-28,2.65,2.65,2.65,2.65,11328,EQ,,,
2013-11-29,2.65,2.65,2.65,2.65,5008,EQ,,,
2013-12-02,2.65,2.65,2.65,2.65,2656,EQ,,,
2013-12-03,2.85,2.85,2.65,2.65,2364,EQ,,,
2013-12-04,2.65,2.65,2.65,2.65,175,EQ,,,
2013-12-05,2.8,2.8,2.7,2.7,3942,EQ,,,
2013-12-06,2.65,2.65,2.65,2.65,3000,EQ,,,
2013-12-09,2.65,2.65,2.65,2.65,7324,EQ,,,
2013-12-10,2.7,2.7,2.65,2.7,6700,EQ,,,
2013-12-11,2.7,2.75,2.7,2.7,10540,EQ,,,
2013-12-12,2.65,2.7,2.65,2.7,10404,EQ,,,
2013-12-13,2.7,2.7,2.7,2.7,13990,EQ,,,
2013-12-16,2.7,2.7,2.7,2.7,8397,EQ,,,
2013-12-17,2.65,2.7,2.65,2.7,11255,EQ,,,
2013-12-18,2.7,2.7,2.65,2.65,11537,EQ,,,
2013-12-19,2.7,2.7,2.65,2.7,15842,EQ,,,
2013-12-20,2.65,2.7,2.65,2.7,16579,EQ,,,
2013-12-23,2.7,2.7,2.7,2.7,15264,EQ,,,
2013-12-24,2.7,2.7,2.6,2.6,19018,EQ,,,
2013-12-26,2.7,2.7,2.7,2.7,20337,EQ,,,
2013-12-27,2.7,2.8,2.7,2.8,27333,EQ,,,
2013-12-30,2.7,2.8,2.7,2.8,31925,EQ,,,
2013-12-31,2.7,2.7,2.7,2.7,32243,EQ,,,
2014-01-01,2.7,2.7,2.7,2.7,34109,EQ,,,
2014-01-02,2.65,2.7,2.65,2.7,29363,EQ,,,
2014-01-03,2.7,2.7,2.7,2.7,33167,EQ,,,
2014-01-06,2.7,2.7,2.7,2.7,34244,EQ,,,
2014-01-07,2.7,2.7,2.7,2.7,34775,EQ,,,
2014-01-08,2.7,2.7,2.7,2.7,36451,EQ,,,
2014-01-09,2.7,2.7,2.7,2.7,37433,EQ,,,
2014-01-10,2.7,2.7,2.7,2.7,43814,EQ,,,
2014-01-13,2.7,2.75,2.65,2.7,44692,EQ,,,
2014-01-14,2.7,2.75,2.6,2.7,18219,EQ,,,
2014-01-15,2.7,2.7,2.65,2.7,48766,EQ,,,
2014-01-16,2.5,2.7,2.5,2.65,37322,EQ,,,
2014-01-17,2.7,2.7,2.4,2.6,25204,EQ,,,
2014-01-20,2.65,2.7,2.3,2.55,34561,EQ,,,
2014-01-21,2.65,2.65,2.4,2.5,16707,EQ,,,
2014-01-22,2.6,2.6,2.45,2.5,24574,EQ,,,
2014-01-23,2.45,2.5,2.4,2.45,19684,EQ,,,
2014-01-24,2.45,2.45,2.3,2.35,18726,EQ,,,
2014-01-27,2.2,2.7,2.2,2.4,25002,EQ,,,
2014-01-28,2.3,2.55,2.3,2.45,19568,EQ,,,
2014-01-29,2.4,2.5,2.4,2.45,17208,EQ,,,
2014-01-30,2.45,2.5,2.3,2.35,34521,EQ,,,
2014-01-31,2.45,2.65,2.4,2.6,26756,EQ,,,
2014-02-03,2.6,2.6,2.4,2.55,36085,EQ,,,
2014-02-04,2.55,2.6,2.4,2.45,28036,EQ,,,
2014-02-05,2.45,2.5,2.4,2.45,13312,EQ,,,
2014-02-06,2.45,2.7,2.45,2.45,15036,EQ,,,
2014-02-07,2.5,2.6,2.45,2.45,15395,EQ,,,
2014-02-10,2.45,2.65,2.45,2.45,14186,EQ,,,
2014-02-11,2.3,2.5,2.3,2.45,13567,EQ,,,
2014-02-12,2.5,2.5,2.4,2.45,15525,EQ,,,
2014-02-13,2.45,2.5,2.4,2.4,12668,EQ,,,
2014-02-14,2.4,2.65,2.4,2.4,12755,EQ,,,
2014-02-17,2.45,2.55,2.4,2.45,19902,EQ,,,
2014-02-18,2.45,2.6,2.4,2.5,21923,EQ,,,
2014-02-19,2.5,2.55,2.4,2.55,28237,EQ,,,
2014-02-20,2.5,2.55,2.45,2.45,22380,EQ,,,
2014-02-21,2.5,2.6,2.4,2.5,25032,EQ,,,
2014-02-24,2.5,2.55,2.4,2.5,32253,EQ,,,
2014-02-25,2.4,2.6,2.4,2.4,51192,EQ,,,
2014-02-26,2.45,2.55,2.4,2.45,21857,EQ,,,
2014-02-28,2.6,2.65,2.45,2.6,31295,EQ,,,
2014-03-03,2.5,2.8,2.5,2.55,29963,EQ,,,
2014-03-04,2.65,2.75,2.5,2.7,25848,EQ,,,
2014-03-05,2.7,3.05,2.65,2.65,27374,EQ,,,
2014-03-06,2.6,2.75,2.6,2.7,18051,EQ,,,
2014-03-07,2.6,3.15,2.6,3.05,76419,EQ,,,
2014-03-10,2.9,3.1,2.85,2.95,26245,EQ,,,
2014-03-11,2.85,2.95,2.7,2.7,8749,EQ,,,
2014-03-12,2.7,3.25,2.5,3.2,44829,EQ,,,
2014-03-13,3.25,3.7,3.1,3.6,61056,EQ,,,
2014-03-14,3.6,3.8,3.4,3.6,45949,EQ,,,
2014-03-18,3.6,3.7,3.5,3.65,32795,EQ,,,
2014-03-19,3.65,3.8,3.65,3.8,40037,EQ,,,
2014-03-20,3.75,4.0,3.75,4.0,43742,EQ,,,
2014-03-21,4.15,4.2,3.9,4.1,34074,EQ,,,
2014-03-22,4.2,4.2,3.95,4.15,29585,EQ,,,
2014-03-24,3.95,4.3,3.95,4.15,32765,EQ,,,
2014-03-25,4.2,4.25,3.75,4.05,44691,EQ,,,
2014-03-26,3.8,4.4,3.65,4.25,82882,EQ,,,
2014-03-27,4.0,4.7,4.0,4.7,64869,EQ,,,
2014-03-28,4.7,4.9,4.6,4.9,23774,BE,,,
2014-03-31,4.9,5.0,4.8,4.95,9020,BE,,,
2014-04-01,4.7,5.0,4.7,4.7,4238,BE,,,
2014-04-02,4.8,4.9,4.5,4.75,12105,BE,,,
2014-04-03,4.65,4.8,4.55,4.75,10512,BE,,,
2014-04-04,4.9,4.9,4.65,4.75,7755,BE,,,
2014-04-07,4.85,4.85,4.55,4.85,12731,BE,,,
2014-04-09,4.8,4.9,4.6,4.6,14863,BE,,,
2014-04-10,4.4,4.65,4.4,4.45,9954,BE,,,
2014-04-11,4.5,4.65,4.5,4.6,5630,BE,,,
2014-04-15,4.7,4.7,4.55,4.65,8300,BE,,,
2014-04-16,4.7,4.9,4.6,4.85,18969,BE,,,
2014-04-17,4.95,5.0,4.8,4.95,13110,BE,,,
2014-04-21,4.8,5.2,4.75,5.0,13287,BE,,,
2014-04-22,5.15,5.2,5.0,5.15,15017,BE,,,
2014-04-23,5.2,5.2,4.9,5.0,9232,BE,,,
2014-04-25,4.9,5.1,4.9,5.0,4116,BE,,,
2014-04-28,4.9,4.95,4.75,4.85,8558,BE,,,
2014-04-29,4.9,5.0,4.9,4.9,15050,BE,,,
2014-04-30,4.8,5.0,4.7,5.0,15829,BE,,,
2014-05-02,4.9,5.2,4.9,5.2,18759,BE,,,
2014-05-05,5.0,5.35,5.0,5.35,8823,BE,,,
2014-05-06,5.5,5.55,5.1,5.35,13786,BE,,,
2014-05-07,5.4,5.4,5.2,5.25,4464,BE,,,
2014-05-08,5.25,5.3,5.15,5.15,2961,BE,,,
2014-05-09,4.9,5.2,4.9,4.95,4487,BE,,,
2014-05-12,4.8,5.0,4.75,4.95,839,BE,,,
2014-05-13,4.7,5.2,4.7,5.1,15114,BE,,,
2014-05-14,4.9,5.3,4.9,5.3,14949,BE,,,
2014-05-15,5.4,5.4,5.1,5.2,5249,BE,,,
2014-05-16,4.95,5.4,4.95,4.95,4044,BE,,,
2014-05-19,4.75,5.2,4.75,5.05,7937,BE,,,
2014-05-20,5.1,5.1,4.8,4.95,13145,BE,,,
2014-05-21,4.8,5.0,4.75,4.95,3352,BE,,,
2014-05-22,5.0,5.0,4.7,4.85,3772,BE,,,
2014-05-23,4.6,4.7,4.6,4.65,2489,BE,,,
2014-05-26,4.5,4.5,4.45,4.45,10435,BE,,,
2014-05-27,4.45,4.45,4.45,4.45,55,BE,,,
2014-05-28,4.25,4.35,4.25,4.25,468,BE,,,
2014-05-29,4.05,4.05,4.0,4.0,105,BE,,,
2014-05-30,3.8,4.0,3.8,3.8,23422,BE,,,
2014-06-02,3.65,4.0,3.65,3.9,18415,BE,,,
2014-06-03,4.0,4.1,3.7,4.0,13101,BE,,,
2014-06-04,4.05,4.2,3.85,4.0,5610,BE,,,
2014-06-05,4.2,4.2,4.0,4.1,504,BE,,,
2014-06-06,4.0,4.3,4.0,4.15,1769,BE,,,
2014-06-09,4.3,4.3,4.05,4.2,12905,BE,,,
2014-06-10,4.4,4.4,4.0,4.3,3495,BE,,,
2014-06-11,4.5,4.5,4.15,4.4,3946,BE,,,
2014-06-12,4.2,4.4,4.15,4.15,4800,BE,,,
2014-06-13,4.0,4.2,3.95,4.1,2435,EQ,,,
2014-06-16,4.25,4.3,4.0,4.25,15105,EQ,,,
2014-06-17,4.2,4.45,4.15,4.4,11960,EQ,,,
2014-06-18,4.4,4.6,4.35,4.6,14771,EQ,,,
2014-06-19,4.75,4.8,4.65,4.75,10516,EQ,,,
2014-06-20,4.75,5.0,4.75,5.0,26524,EQ,,,
2014-06-23,4.9,5.0,4.8,4.9,11398,EQ,,,
2014-06-24,4.9,5.0,4.85,4.9,12726,EQ,,,
2014-06-25,5.1,5.1,4.9,4.95,11966,EQ,,,
2014-06-26,4.95,5.1,4.9,4.95,12673,EQ,,,
2014-06-27,4.95,5.05,4.9,4.95,17940,EQ,,,
2014-06-30,4.95,5.0,4.85,5.0,22920,EQ,,,
2014-07-01,5.0,5.05,4.75,4.75,9089,EQ,,,
2014-07-02,4.55,4.65,4.5,4.55,1695,EQ,,,
2014-07-03,4.55,4.55,4.35,4.5,5490,EQ,,,
2014-07-04,4.35,4.4,4.35,4.35,7175,EQ,,,
2014-07-07,4.3,4.55,4.2,4.2,2660,EQ,,,
2014-07-08,4.15,4.15,3.8,3.8,22130,EQ,,,
2014-07-09,4.0,4.0,3.4,3.4,8472,EQ,,,
2014-07-10,3.5,3.5,3.35,3.35,6288,EQ,,,
2014-07-11,3.5,3.5,3.25,3.25,780,EQ,,,
2014-07-14,3.4,3.4,3.1,3.1,8144,EQ,,,
2014-07-15,3.0,3.3,3.0,3.3,6016,EQ,,,
2014-07-16,3.45,3.45,3.3,3.45,21411,EQ,,,
2014-07-17,3.6,3.6,3.5,3.6,12676,EQ,,,
2014-07-18,3.6,3.8,3.6,3.8,11411,EQ,,,
2014-07-21,3.9,4.0,3.8,4.0,12090,EQ,,,
2014-07-22,4.0,4.15,3.8,4.15,10174,EQ,,,
2014-07-23,4.25,4.3,4.2,4.25,8813,EQ,,,
2014-07-24,4.45,4.45,4.2,4.2,13584,EQ,,,
2014-07-25,4.4,4.4,4.05,4.3,15944,EQ,,,
2014-07-28,4.3,4.5,4.1,4.4,9964,EQ,,,
2014-07-30,4.4,4.5,4.3,4.4,4311,EQ,,,
2014-07-31,4.4,4.6,4.4,4.55,6451,EQ,,,
2014-08-01,4.6,4.65,4.5,4.65,5474,EQ,,,
2014-08-04,4.6,4.75,4.55,4.7,33079,EQ,,,
2014-08-05,4.7,4.75,4.65,4.7,11588,EQ,,,
2014-08-06,4.65,4.7,4.65,4.7,11834,EQ,,,
2014-08-07,4.7,4.75,4.6,4.7,11376,EQ,,,
2014-08-08,4.7,4.75,4.65,4.65,6927,EQ,,,
2014-08-11,4.6,4.6,4.45,4.45,3116,EQ,,,
2014-08-12,4.4,4.5,4.2,4.4,22348,EQ,,,
2014-08-13,4.3,4.5,4.3,4.5,21981,EQ,,,
2014-08-14,4.35,4.65,4.35,4.5,12268,EQ,,,
2014-08-18,4.5,4.6,4.5,4.6,8291,EQ,,,
2014-08-19,4.85,4.85,4.5,4.8,16984,EQ,,,
2014-08-20,4.8,4.8,4.6,4.75,13477,EQ,,,
2014-08-21,4.8,4.8,4.55,4.75,10394,EQ,,,
2014-08-22,4.7,4.8,4.7,4.75,11246,EQ,,,
2014-08-25,4.7,4.8,4.7,4.7,19067,EQ,,,
2014-08-26,4.7,4.85,4.6,4.7,46049,EQ,,,
2014-08-27,4.8,4.8,4.7,4.7,8016,EQ,,,
2014-08-28,4.65,4.8,4.5,4.7,6107,EQ,,,
2014-09-01,4.65,4.8,4.45,4.75,12566,EQ,,,
2014-09-02,4.6,4.8,4.6,4.65,7584,EQ,,,
2014-09-03,4.4,4.75,4.4,4.65,8631,EQ,,,
2014-09-04,4.7,4.7,4.45,4.6,6226,EQ,,,
2014-09-05,4.35,4.7,4.35,4.6,4709,EQ,,,
2014-09-08,4.6,4.7,4.45,4.7,23141,EQ,,,
2014-09-09,4.7,4.8,4.6,4.8,12790,EQ,,,
2014-09-10,4.9,4.9,4.75,4.9,16696,EQ,,,
2014-09-11,4.9,5.2,4.85,5.15,10765,EQ,,,
2014-09-12,5.2,5.5,5.2,5.45,20653,EQ,,,
2014-09-15,5.65,5.65,5.45,5.65,13794,EQ,,,
2014-09-16,5.75,5.8,5.5,5.55,32529,EQ,,,
2014-09-17,5.6,5.6,5.0,5.3,14833,EQ,,,
2014-09-18,5.35,5.5,5.05,5.1,6054,EQ,,,
2014-09-19,4.9,5.1,4.8,4.9,6401,EQ,,,
2014-09-22,4.9,4.9,4.6,4.6,4951,EQ,,,
2014-09-23,4.5,4.8,4.4,4.4,3443,EQ,,,
2014-09-24,4.4,4.5,4.4,4.5,1204,EQ,,,
2014-09-25,4.45,4.45,4.3,4.35,2125,EQ,,,
2014-09-26,4.3,4.4,4.15,4.2,1010,EQ,,,
2014-09-29,4.3,4.4,4.1,4.2,13102,EQ,,,
2014-09-30,4.4,4.4,4.2,4.4,10974,EQ,,,
2014-10-01,4.4,4.5,4.3,4.4,11372,EQ,,,
2014-10-07,4.6,4.6,4.2,4.3,11648,EQ,,,
2014-10-08,4.1,4.4,4.1,4.15,12568,EQ,,,
2014-10-09,4.3,4.3,4.05,4.1,10648,EQ,,,
2014-10-10,4.0,4.1,4.0,4.05,16908,EQ,,,
2014-10-13,4.0,4.1,3.95,4.0,12903,EQ,,,
2014-10-14,3.95,4.0,3.95,4.0,9741,EQ,,,
2014-10-16,4.05,4.2,3.9,4.05,9366,EQ,,,
2014-10-17,4.1,4.1,3.9,4.0,15531,EQ,,,
2014-10-20,4.1,4.1,3.8,3.85,8695,EQ,,,
2014-10-21,3.95,4.05,3.9,4.0,9456,EQ,,,
2014-10-22,4.0,4.05,3.95,4.0,9376,EQ,,,
2014-10-23,4.0,4.05,4.0,4.0,1525,EQ,,,
2014-10-27,4.15,4.15,3.9,4.05,10626,EQ,,,
2014-10-28,3.9,4.05,3.9,4.0,8295,EQ,,,
2014-10-29,4.05,4.1,4.0,4.1,9178,EQ,,,
2014-10-30,4.15,4.15,3.95,4.1,17536,EQ,,,
2014-10-31,4.0,4.15,4.0,4.15,14724,EQ,,,
2014-11-03,4.15,4.15,4.05,4.1,13933,EQ,,,
2014-11-05,4.2,4.2,4.05,4.05,20446,EQ,,,
2014-11-07,4.1,4.2,4.0,4.0,19513,EQ,,,
2014-11-10,4.05,4.15,3.9,3.9,8795,EQ,,,
2014-11-11,3.95,4.15,3.9,4.05,16569,EQ,,,
2014-11-12,3.9,4.25,3.9,3.9,6280,EQ,,,
2014-11-13,4.0,4.0,3.8,3.9,9088,EQ,,,
2014-11-14,3.65,4.0,3.65,3.9,149,EQ,,,
2014-11-17,3.7,4.1,3.7,4.0,12436,EQ,,,
2014-11-18,4.1,4.1,3.8,4.0,47753,EQ,,,
2014-11-19,4.25,4.25,3.95,4.05,37789,EQ,,,
2014-11-20,4.0,4.1,3.9,3.95,11032,EQ,,,
2014-11-21,4.05,4.1,3.9,4.0,12520,EQ,,,
2014-11-24,4.0,4.1,3.9,4.0,29323,EQ,,,
2014-11-25,3.85,4.2,3.85,3.95,10561,EQ,,,
2014-11-26,4.0,4.3,3.9,4.05,10289,EQ,,,
2014-11-27,4.05,4.3,3.9,4.0,11212,EQ,,,
2014-11-28,4.0,4.05,3.8,4.0,68016,EQ,,,
2014-12-01,4.0,4.05,3.8,4.0,10018,EQ,,,
2014-12-02,3.85,4.05,3.8,3.8,10681,EQ,,,
2014-12-03,3.8,3.8,3.6,3.75,4770,EQ,,,
2014-12-04,3.75,4.0,3.75,3.75,347,EQ,,,
2014-12-05,3.5,3.9,3.5,3.7,14371,EQ,,,
2014-12-08,3.8,4.0,3.65,3.85,11321,EQ,,,
2014-12-09,3.7,3.8,3.6,3.65,13124,EQ,,,
2014-12-10,3.65,3.8,3.0,3.5,15780,EQ,,,
2014-12-11,3.55,3.6,3.4,3.5,9591,EQ,,,
2014-12-12,3.55,3.65,3.45,3.6,16396,EQ,,,
2014-12-15,3.6,3.65,3.4,3.55,13010,EQ,,,
2014-12-16,3.55,3.6,3.1,3.3,11499,EQ,,,
2014-12-17,3.5,3.55,3.25,3.4,8921,EQ,,,
2014-12-18,3.5,3.7,3.35,3.55,12183,EQ,,,
2014-12-19,3.5,3.6,3.35,3.5,9604,EQ,,,
2014-12-22,3.4,3.5,3.4,3.5,3880,EQ,,,
2014-12-23,3.4,3.6,3.4,3.45,6167,EQ,,,
2014-12-24,3.65,3.65,3.25,3.3,19079,EQ,,,
2014-12-26,3.4,3.45,3.1,3.4,17342,EQ,,,
2014-12-29,3.55,3.55,3.25,3.4,13913,EQ,,,
2014-12-30,3.45,3.45,3.25,3.35,15663,EQ,,,
2014-12-31,3.4,3.5,3.25,3.35,12033,EQ,,,
2015-01-01,3.35,3.4,3.2,3.35,22114,EQ,,,
2015-01-02,3.35,3.5,3.3,3.4,9996,EQ,,,
2015-01-05,3.4,3.5,3.3,3.4,19420,EQ,,,
2015-01-06,3.45,3.5,3.3,3.3,8781,EQ,,,
2015-01-07,3.25,3.4,3.25,3.35,9896,EQ,,,
2015-01-08,3.5,3.55,3.3,3.45,28773,EQ,,,
2015-01-09,3.45,3.6,3.45,3.6,11825,EQ,,,
2015-01-12,3.65,3.65,3.5,3.6,11712,EQ,,,
2015-01-13,3.75,3.9,3.45,3.45,16133,EQ,,,
2015-01-14,3.35,3.35,3.25,3.3,337,EQ,,,
2015-01-15,3.25,4.0,3.25,3.35,6376,EQ,,,
2015-01-16,3.45,3.6,3.2,3.6,17564,EQ,,,
2015-01-19,3.5,3.5,3.4,3.5,11141,EQ,,,
2015-01-20,3.5,3.5,3.35,3.45,9477,EQ,,,
2015-01-21,3.4,3.45,3.25,3.35,13080,EQ,,,
2015-01-22,3.25,3.45,3.25,3.35,8044,EQ,,,
2015-01-23,3.4,3.4,3.3,3.4,8482,EQ,,,
2015-01-27,3.4,3.4,3.2,3.35,9630,EQ,,,
2015-01-28,3.35,3.35,3.25,3.3,7819,EQ,,,
2015-01-29,3.2,3.35,3.15,3.25,26713,EQ,,,
2015-01-30,3.1,3.4,3.05,3.3,3459,EQ,,,
2015-02-02,2.7,3.5,2.7,3.15,3277,EQ,,,
2015-02-03,3.0,3.45,3.0,3.1,3471,EQ,,,
2015-02-04,3.05,3.2,3.05,3.05,2740,EQ,,,
2015-02-05,3.0,3.4,3.0,3.1,4793,EQ,,,
2015-02-06,3.1,3.2,2.7,3.05,6440,EQ,,,
2015-02-09,2.8,3.2,2.8,3.2,412,EQ,,,
2015-02-10,3.0,3.25,2.85,3.1,5373,EQ,,,
2015-02-11,3.2,3.2,3.1,3.15,671,EQ,,,
2015-02-12,3.15,3.15,2.75,2.95,1936,EQ,,,
2015-02-13,2.8,3.3,2.8,3.15,1699,EQ,,,
2015-02-16,3.0,3.25,3.0,3.2,15471,EQ,,,
2015-02-18,3.0,3.2,2.9,3.05,4435,EQ,,,
2015-02-19,2.95,3.15,2.95,3.15,6159,EQ,,,
2015-02-20,2.95,3.0,2.95,3.0,1640,EQ,,,
2015-02-23,2.95,3.25,2.85,2.95,59732,EQ,,,
2015-02-24,3.0,3.1,3.0,3.0,1830,EQ,,,
2015-02-25,2.95,3.1,2.95,2.95,150,EQ,,,
2015-02-26,2.85,2.95,2.7,2.8,2237,EQ,,,
2015-02-27,2.95,3.3,2.8,2.9,1316,EQ,,,
2015-02-28,2.8,3.1,2.75,3.1,1145,EQ,,,
2015-03-02,2.75,3.0,2.75,2.95,1201,EQ,,,
2015-03-03,2.8,2.95,2.75,2.95,1298,EQ,,,
2015-03-04,2.8,3.0,2.8,3.0,105,EQ,,,
2015-03-05,2.9,2.9,2.9,2.9,100,EQ,,,
2015-03-09,2.8,3.2,2.8,2.85,27736,EQ,,,
2015-03-10,2.9,3.0,2.8,3.0,13998,EQ,,,
2015-03-11,3.2,3.2,2.8,2.8,22457,EQ,,,
2015-03-12,2.8,2.85,2.8,2.85,100,EQ,,,
2015-03-13,3.0,3.0,2.8,2.9,16432,EQ,,,
2015-03-16,2.9,2.9,2.75,2.75,99,EQ,,,
2015-03-17,3.15,3.2,2.75,2.75,5531,EQ,,,
2015-03-18,2.7,2.95,2.7,2.95,492,EQ,,,
2015-03-19,2.75,3.1,2.7,2.75,8739,EQ,,,
2015-03-20,3.0,3.0,2.65,2.7,113254,EQ,,,
2015-03-23,2.7,2.95,2.7,2.9,146,EQ,,,
2015-03-24,2.9,2.9,2.7,2.7,6236,EQ,,,
2015-03-25,2.7,2.9,2.65,2.65,2542,EQ,,,
2015-03-26,2.6,2.6,2.45,2.45,220,EQ,,,
2015-03-27,2.45,2.45,2.25,2.3,9398,EQ,,,
2015-03-30,2.5,2.7,2.2,2.35,1310,EQ,,,
2015-03-31,2.35,2.7,2.35,2.5,13843,EQ,,,
2015-04-06,2.35,2.85,2.3,2.85,2612,EQ,,,
2015-04-07,2.9,3.2,2.7,3.0,8412,EQ,,,
2015-04-08,3.05,3.05,2.85,2.9,13903,EQ,,,
2015-04-09,2.95,3.15,2.65,3.05,16645,EQ,,,
2015-04-10,3.0,3.5,2.85,3.3,31430,EQ,,,
2015-04-13,3.6,3.8,3.05,3.65,20942,EQ,,,
2015-04-15,3.0,4.2,3.0,4.0,10606,EQ,,,
2015-04-16,4.4,4.6,4.0,4.4,26791,EQ,,,
2015-04-17,4.6,4.6,4.3,4.4,15368,EQ,,,
2015-04-20,4.3,4.5,4.3,4.35,11477,EQ,,,
2015-04-21,4.4,4.4,4.2,4.3,13611,EQ,,,
2015-04-22,4.3,4.35,3.9,4.1,9345,EQ,,,
2015-04-23,4.1,4.15,3.95,4.0,15479,EQ,,,
2015-04-24,4.0,4.3,4.0,4.1,32265,EQ,,,
2015-04-27,4.1,4.4,4.0,4.1,65828,EQ,,,
2015-04-28,4.1,4.15,3.9,3.95,18178,EQ,,,
2015-04-29,4.05,4.35,3.85,4.05,53051,EQ,,,
2015-04-30,4.3,4.4,4.0,4.3,29348,EQ,,,
2015-05-04,4.7,5.0,4.35,4.7,39093,EQ,,,
2015-05-05,4.7,5.1,4.7,5.0,51026,EQ,,,
2015-05-06,5.0,5.05,4.95,5.0,35494,EQ,,,
2015-05-07,5.0,5.1,4.95,5.0,38313,EQ,,,
2015-05-08,4.95,5.4,4.95,5.15,39949,EQ,,,
2015-05-11,5.35,5.35,5.1,5.2,25824,EQ,,,
2015-05-12,5.3,5.4,5.1,5.2,29201,EQ,,,
2015-05-13,5.3,5.45,5.2,5.4,62317,EQ,,,
2015-05-14,5.5,5.6,5.3,5.5,40013,EQ,,,
2015-05-15,5.5,5.7,5.35,5.55,51804,EQ,,,
2015-05-18,5.6,5.7,5.35,5.4,39761,EQ,,,
2015-05-19,5.5,5.6,5.35,5.45,31225,EQ,,,
2015-05-20,5.5,5.6,5.35,5.45,46424,EQ,,,
2015-05-21,5.55,5.6,5.35,5.45,62547,EQ,,,
2015-05-22,5.5,5.6,5.35,5.55,44315,EQ,,,
2015-05-25,5.55,5.8,5.5,5.6,42454,EQ,,,
2015-05-26,5.6,5.8,5.5,5.6,33315,EQ,,,
2015-05-27,5.65,5.7,5.45,5.6,41660,EQ,,,
2015-05-28,5.6,5.6,5.5,5.6,28609,EQ,,,
2015-05-29,5.55,6.3,5.5,6.05,79885,EQ,,,
2015-06-01,6.1,6.25,5.9,6.05,42128,EQ,,,
2015-06-02,6.2,6.2,5.7,6.0,32627,EQ,,,
2015-06-03,6.05,6.15,5.8,5.9,35424,EQ,,,
2015-06-04,6.0,6.5,5.8,6.0,34618,EQ,,,
2015-06-05,6.1,6.3,5.8,6.05,36594,EQ,,,
2015-06-08,5.9,6.15,5.6,5.75,32079,EQ,,,
2015-06-09,5.65,6.0,5.2,5.55,28950,EQ,,,
2015-06-10,5.45,5.9,4.9,5.3,39270,EQ,,,
2015-06-11,5.3,5.4,4.9,5.2,35649,EQ,,,
2015-06-12,5.5,5.5,5.0,5.2,31235,EQ,,,
2015-06-15,5.3,5.5,5.3,5.45,34655,EQ,,,
2015-06-16,5.45,5.5,5.4,5.45,31344,EQ,,,
2015-06-17,5.5,5.6,5.35,5.4,34967,EQ,,,
2015-06-18,5.75,5.75,5.2,5.5,34458,EQ,,,
2015-06-19,5.5,5.6,5.15,5.2,39934,EQ,,,
2015-06-22,5.3,5.6,4.9,5.15,34483,EQ,,,
2015-06-23,5.2,5.35,4.9,5.15,60164,EQ,,,
2015-06-24,5.25,5.35,5.1,5.2,33359,EQ,,,
2015-06-25,5.2,5.5,5.1,5.25,38978,EQ,,,
2015-06-26,5.3,5.4,5.15,5.4,58317,EQ,,,
2015-06-29,5.5,5.5,5.25,5.4,42051,EQ,,,
2015-06-30,5.6,5.6,5.2,5.4,49156,EQ,,,
2015-07-01,5.5,5.6,5.25,5.4,49403,EQ,,,
2015-07-02,5.5,5.5,5.25,5.4,37068,EQ,,,
2015-07-03,5.4,5.65,5.15,5.4,25766,EQ,,,
2015-07-06,5.4,5.55,5.3,5.4,31506,EQ,,,
2015-07-07,5.45,5.55,5.25,5.5,40753,EQ,,,
2015-07-08,5.5,5.55,5.3,5.3,29082,EQ,,,
2015-07-09,5.4,5.6,5.3,5.4,56106,EQ,,,
2015-07-10,5.4,5.6,5.25,5.35,45284,EQ,,,
2015-07-13,5.4,5.5,5.2,5.4,41751,EQ,,,
2015-07-14,5.3,5.45,5.2,5.2,23206,EQ,,,
2015-07-15,5.1,5.4,5.0,5.2,26389,EQ,,,
2015-07-16,5.05,5.4,5.05,5.4,18118,EQ,,,
2015-07-17,5.3,5.3,4.9,4.95,5260,EQ,,,
2015-07-20,5.0,5.35,5.0,5.2,20711,EQ,,,
2015-07-21,5.5,5.5,5.15,5.2,16479,EQ,,,
2015-07-22,5.4,5.4,5.0,5.2,32933,EQ,,,
2015-07-23,5.45,5.45,5.1,5.1,484,EQ,,,
2015-07-24,5.3,5.35,5.0,5.2,9738,EQ,,,
2015-07-27,5.25,5.25,5.0,5.25,2479,EQ,,,
2015-07-28,5.05,5.2,5.0,5.15,316,EQ,,,
2015-07-29,4.95,5.2,4.9,5.2,232,EQ,,,
2015-07-30,5.35,5.35,5.05,5.2,1056,EQ,,,
2015-07-31,5.0,5.15,4.9,5.05,1957,EQ,,,
2015-08-03,5.05,5.25,4.9,5.1,25891,EQ,,,
2015-08-04,5.2,5.25,5.05,5.1,52928,EQ,,,
2015-08-05,5.15,5.15,5.0,5.1,37605,EQ,,,
2015-08-06,5.05,5.3,5.0,5.25,54344,EQ,,,
2015-08-07,5.3,5.65,5.1,5.35,33021,EQ,,,
2015-08-10,5.45,5.65,5.0,5.05,25233,EQ,,,
2015-08-11,5.1,5.1,4.8,4.85,22845,EQ,,,
2015-08-12,4.95,5.0,4.7,4.8,25193,EQ,,,
2015-08-13,4.9,4.9,4.55,4.65,29872,EQ,,,
2015-08-14,4.75,4.9,4.55,4.9,43505,EQ,,,
2015-08-17,4.9,5.1,4.7,5.0,39558,EQ,,,
2015-08-18,4.8,5.05,4.8,5.0,22768,EQ,,,
2015-08-19,5.0,5.1,4.75,4.85,28235,EQ,,,
2015-08-20,4.95,4.95,4.65,4.65,27159,EQ,,,
2015-08-21,4.85,4.95,4.5,4.65,29172,EQ,,,
2015-08-24,4.7,4.85,4.0,4.5,39688,EQ,,,
2015-08-25,4.4,4.5,4.0,4.4,24035,EQ,,,
2015-08-26,4.4,4.4,3.8,4.15,24873,EQ,,,
2015-08-27,4.3,4.45,4.2,4.35,35392,EQ,,,
2015-08-28,4.3,4.55,4.25,4.35,25261,EQ,,,
2015-08-31,4.35,4.6,4.15,4.4,30474,EQ,,,
2015-09-01,4.5,4.6,4.3,4.45,33995,EQ,,,
2015-09-02,4.65,4.65,4.4,4.5,26583,EQ,,,
2015-09-03,4.5,4.65,4.25,4.45,22574,EQ,,,
2015-09-04,4.5,4.6,4.3,4.4,23305,EQ,,,
2015-09-07,4.45,4.75,4.3,4.55,23306,EQ,,,
2015-09-08,4.55,4.55,4.1,4.25,20874,EQ,,,
2015-09-09,4.4,4.55,4.15,4.2,1959,EQ,,,
2015-09-10,4.0,4.45,4.0,4.05,4360,EQ,,,
2015-09-11,4.0,4.35,4.0,4.0,857,EQ,,,
2015-09-14,4.2,4.2,3.75,3.85,9758,EQ,,,
2015-09-15,4.45,4.45,3.8,3.9,1041,EQ,,,
2015-09-16,3.85,4.2,3.85,4.1,5259,EQ,,,
2015-09-18,4.4,4.7,4.1,4.45,14512,EQ,,,
2015-09-21,4.45,4.6,4.15,4.2,18299,EQ,,,
2015-09-22,4.55,4.55,4.15,4.3,11073,EQ,,,
2015-09-23,4.3,4.55,4.2,4.45,15501,EQ,,,
2015-09-24,4.55,4.55,4.25,4.3,30142,EQ,,,
2015-09-28,4.35,4.6,3.9,4.0,21363,EQ,,,
2015-09-29,4.1,4.2,3.95,3.95,299,EQ,,,
2015-09-30,3.95,3.95,3.9,3.9,71,EQ,,,
2015-10-01,4.2,4.2,3.8,3.9,1380,EQ,,,
2015-10-05,3.7,4.0,3.7,4.0,15631,EQ,,,
2015-10-06,4.2,4.5,3.8,3.9,12885,EQ,,,
2015-10-07,4.2,4.2,3.9,4.05,22451,EQ,,,
2015-10-08,4.0,4.2,4.0,4.15,64111,EQ,,,
2015-10-09,4.1,4.3,4.05,4.15,54647,EQ,,,
2015-10-12,4.15,4.3,4.1,4.25,90411,EQ,,,
2015-10-13,4.2,4.5,4.1,4.1,54419,EQ,,,
2015-10-14,4.15,4.2,4.1,4.15,33229,EQ,,,
2015-10-15,4.15,4.4,4.1,4.25,39316,EQ,,,
2015-10-16,4.2,4.45,4.15,4.35,40404,EQ,,,
2015-10-19,4.3,4.45,4.2,4.3,26705,EQ,,,
2015-10-20,4.3,4.5,4.05,4.1,46233,EQ,,,
2015-10-21,4.2,4.2,4.05,4.15,30136,EQ,,,
2015-10-23,4.2,4.2,4.0,4.0,29463,EQ,,,
2015-10-26,4.2,4.3,3.9,4.05,100596,EQ,,,
2015-10-27,4.3,4.3,4.0,4.05,50807,EQ,,,
2015-10-28,4.1,4.1,3.95,4.0,33436,EQ,,,
2015-10-29,4.05,4.05,3.8,3.9,23185,EQ,,,
2015-10-30,3.8,3.9,3.5,3.65,9373,EQ,,,
2015-11-02,3.6,3.7,3.5,3.6,1055,EQ,,,
2015-11-03,3.55,3.9,3.55,3.75,33258,EQ,,,
2015-11-04,3.75,3.9,3.6,3.65,30479,EQ,,,
2015-11-05,3.9,3.9,3.6,3.65,39707,EQ,,,
2015-11-06,3.6,3.85,3.4,3.45,26799,EQ,,,
2015-11-09,3.45,3.5,3.4,3.4,102,EQ,,,
2015-11-10,3.4,3.4,3.4,3.4,2543,EQ,,,
2015-11-11,3.5,3.5,3.45,3.45,3209,EQ,,,
2015-11-13,3.4,3.4,3.4,3.4,163,EQ,,,
2015-11-16,3.3,3.6,3.25,3.55,1600,EQ,,,
2015-11-17,3.35,3.6,3.3,3.3,1085,EQ,,,
2015-11-18,3.3,3.4,3.2,3.25,6166,EQ,,,
2015-11-19,3.4,3.4,3.1,3.2,1646,EQ,,,
2015-11-20,3.4,3.4,3.15,3.25,2053,EQ,,,
2015-11-23,3.3,3.4,3.2,3.4,2606,EQ,,,
2015-11-26,3.4,3.4,3.15,3.2,260,EQ,,,
2015-11-27,3.15,3.2,3.15,3.15,650,EQ,,,
2015-11-30,3.15,3.3,3.1,3.2,308,EQ,,,
2015-12-01,3.3,3.3,3.0,3.1,961,EQ,,,
2015-12-02,3.05,3.25,3.05,3.1,3159,EQ,,,
2015-12-03,3.25,3.4,3.15,3.2,5212,EQ,,,
2015-12-04,3.4,3.4,2.9,3.15,16539,EQ,,,
2015-12-07,3.2,3.2,3.05,3.2,17681,EQ,,,
2015-12-08,3.25,3.25,3.0,3.0,20456,EQ,,,
2015-12-09,3.25,3.25,3.0,3.1,14025,EQ,,,
2015-12-10,3.2,3.2,3.1,3.1,14423,EQ,,,
2015-12-11,3.25,3.25,3.05,3.05,4561,EQ,,,
2015-12-14,3.05,3.2,3.0,3.0,9105,EQ,,,
2015-12-15,3.15,3.15,3.0,3.0,10663,EQ,,,
2015-12-16,3.0,3.15,3.0,3.0,1527,EQ,,,
2015-12-17,3.0,3.2,3.0,3.0,2508,EQ,,,
2015-12-18,3.3,3.3,3.0,3.15,1208,EQ,,,
2015-12-21,3.2,3.2,3.15,3.15,1017,EQ,,,
2015-12-22,3.2,3.25,3.05,3.1,12463,EQ,,,
2015-12-23,3.2,3.35,3.1,3.25,24896,EQ,,,
2015-12-24,3.2,3.4,3.2,3.2,13000,EQ,,,
2015-12-28,3.25,3.25,3.1,3.15,7005,EQ,,,
2015-12-29,3.2,3.25,3.1,3.15,14974,EQ,,,
2015-12-30,3.1,3.2,3.05,3.2,30079,EQ,,,
2015-12-31,3.1,3.25,3.1,3.25,13926,EQ,,,
2016-01-01,3.15,3.25,3.15,3.15,15615,EQ,,,
2016-01-04,3.15,3.3,2.9,3.0,19412,EQ,,,
2016-01-05,3.0,3.1,3.0,3.05,3429,EQ,,,
2016-01-06,2.95,3.05,2.8,2.85,5957,EQ,,,
2016-01-07,3.0,3.05,2.8,3.0,3007,EQ,,,
2016-01-08,2.95,3.0,2.8,2.85,639,EQ,,,
2016-01-11,2.8,3.0,2.8,2.9,3490,EQ,,,
2016-01-12,3.0,3.0,2.8,2.85,7014,EQ,,,
2016-01-13,2.85,3.0,2.8,2.8,39450,EQ,,,
2016-01-14,2.9,2.95,2.8,2.9,20327,EQ,,,
2016-01-15,2.85,2.95,2.75,2.8,17813,EQ,,,
2016-01-18,2.8,3.05,2.75,2.75,20785,EQ,,,
2016-01-19,2.75,2.9,2.75,2.9,1321,EQ,,,
2016-01-20,2.8,2.85,2.65,2.75,499,EQ,,,
2016-01-21,2.7,2.9,2.7,2.8,6708,EQ,,,
2016-01-22,2.9,3.1,2.8,2.95,9448,EQ,,,
2016-01-25,3.05,3.05,2.7,2.85,13843,EQ,,,
2016-01-27,2.8,2.95,2.8,2.95,707,EQ,,,
2016-01-28,3.1,3.1,2.85,2.85,3800,EQ,,,
2016-01-29,2.85,3.2,2.85,3.05,11167,EQ,,,
2016-02-01,3.05,3.35,3.05,3.25,42418,EQ,,,
2016-02-02,3.3,3.35,3.15,3.25,34751,EQ,,,
2016-02-03,3.15,3.4,3.0,3.0,41053,EQ,,,
2016-02-04,3.2,3.2,3.0,3.1,17705,EQ,,,
2016-02-05,3.2,3.2,3.0,3.15,34335,EQ,,,
2016-02-08,3.3,3.4,3.0,3.15,23000,EQ,,,
2016-02-09,3.2,3.2,3.0,3.2,107765,EQ,,,
2016-02-10,3.2,3.25,3.1,3.25,26836,EQ,,,
2016-02-11,3.25,3.25,3.0,3.1,76907,EQ,,,
2016-02-12,3.2,3.2,2.8,3.0,110609,EQ,,,
2016-02-15,3.2,3.25,3.05,3.1,115284,EQ,,,
2016-02-16,3.2,3.2,3.0,3.15,79833,EQ,,,
2016-02-17,3.15,3.25,3.1,3.15,81966,EQ,,,
2016-02-18,3.3,3.4,3.05,3.25,100020,EQ,,,
2016-02-19,3.3,3.55,3.2,3.5,109336,EQ,,,
2016-02-22,3.55,3.95,3.5,3.7,99290,EQ,,,
2016-02-23,3.85,3.95,3.2,3.35,104092,EQ,,,
2016-02-24,3.5,3.5,3.25,3.4,98243,EQ,,,
2016-02-25,3.5,3.5,3.15,3.45,133459,EQ,,,
2016-02-26,3.3,3.3,3.15,3.2,24727,EQ,,,
2016-02-29,3.1,3.4,2.85,3.05,52319,EQ,,,
2016-03-01,3.15,3.55,3.15,3.45,70600,EQ,,,
2016-03-02,3.4,3.6,3.4,3.45,65667,EQ,,,
2016-03-03,3.5,3.6,3.4,3.45,67084,EQ,,,
2016-03-04,3.6,3.6,3.3,3.4,85235,EQ,,,
2016-03-08,3.5,3.7,3.35,3.5,87557,EQ,,,
2016-03-09,3.6,3.6,3.45,3.55,97650,EQ,,,
2016-03-10,3.6,3.6,3.4,3.45,101192,EQ,,,
2016-03-11,3.5,3.55,3.4,3.45,87150,EQ,,,
2016-03-14,3.5,3.5,3.4,3.5,115936,EQ,,,
2016-03-15,3.5,3.75,3.4,3.45,145473,EQ,,,
2016-03-16,3.6,3.6,3.4,3.5,209289,EQ,,,
2016-03-17,3.45,3.6,3.4,3.5,106752,EQ,,,
2016-03-18,3.5,3.6,3.4,3.5,117940,EQ,,,
2016-03-21,3.5,3.6,3.4,3.45,86418,EQ,,,
2016-03-22,3.55,3.7,3.3,3.45,141573,EQ,,,
2016-03-23,3.4,3.5,3.4,3.45,85953,EQ,,,
2016-03-28,3.45,3.5,3.2,3.35,163189,EQ,,,
2016-03-29,3.45,3.5,3.2,3.4,212242,EQ,,,
2016-03-30,3.25,3.45,3.2,3.35,120288,EQ,,,
2016-03-31,3.4,3.5,3.35,3.4,77718,EQ,,,
2016-04-01,3.45,3.45,3.25,3.35,67741,EQ,,,
2016-04-04,3.4,3.7,3.3,3.4,84193,EQ,,,
2016-04-05,3.4,3.5,3.35,3.35,60726,EQ,,,
2016-04-06,3.45,3.5,3.35,3.45,148276,EQ,,,
2016-04-07,3.45,3.6,3.35,3.45,89457,EQ,,,
2016-04-08,3.6,3.6,3.35,3.4,78276,EQ,,,
2016-04-11,3.55,3.6,3.35,3.45,136738,EQ,,,
2016-04-12,3.6,3.6,3.3,3.4,118322,EQ,,,
2016-04-13,3.5,4.1,3.4,4.1,186646,EQ,,,
2016-04-18,4.05,4.6,4.05,4.15,57539,EQ,,,
2016-04-20,4.2,4.95,4.15,4.2,113538,EQ,,,
2016-04-21,4.2,4.5,4.1,4.2,24786,EQ,,,
2016-04-22,4.1,4.4,3.85,4.1,37914,EQ,,,
2016-04-25,4.25,4.3,3.9,4.15,93283,EQ,,,
2016-04-26,4.2,4.95,4.2,4.75,647598,EQ,,,
2016-04-27,4.85,5.0,4.45,4.5,223520,EQ,,,
2016-04-28,4.6,4.65,4.4,4.45,29855,EQ,,,
2016-04-29,4.55,4.6,4.3,4.5,66960,EQ,,,
2016-05-02,4.45,5.4,4.2,5.4,526950,EQ,,,
2016-05-03,5.3,5.35,4.55,4.95,93019,EQ,,,
2016-05-04,4.8,5.1,4.7,4.8,44241,EQ,,,
2016-05-05,4.75,4.9,4.4,4.55,46245,EQ,,,
2016-05-06,4.65,4.65,4.35,4.4,6093,EQ,,,
2016-05-09,4.6,4.8,4.5,4.5,72257,EQ,,,
2016-05-10,4.65,4.65,4.35,4.45,54760,EQ,,,
2016-05-11,4.3,4.65,4.2,4.45,51480,EQ,,,
2016-05-12,4.6,4.75,4.3,4.4,117031,EQ,,,
2016-05-13,4.4,4.5,4.3,4.3,9393,EQ,,,
2016-05-16,4.3,4.45,4.15,4.3,12985,EQ,,,
2016-05-17,4.3,4.35,4.2,4.25,16085,EQ,,,
2016-05-18,4.25,4.35,4.0,4.2,21607,EQ,,,
2016-05-19,4.05,4.4,4.05,4.25,15691,EQ,,,
2016-05-20,4.3,4.8,4.05,4.1,26509,EQ,,,
2016-05-23,4.25,4.25,3.8,3.85,45680,EQ,,,
2016-05-24,4.0,4.0,3.75,3.9,42476,EQ,,,
2016-05-25,4.0,4.65,4.0,4.65,607272,EQ,,,
2016-05-26,4.6,4.6,3.85,4.1,202709,EQ,,,
2016-05-27,4.1,4.1,3.85,3.95,12667,EQ,,,
2016-05-30,4.1,4.2,3.8,3.9,14486,EQ,,,
2016-05-31,3.8,3.95,3.7,3.7,17359,EQ,,,
2016-06-01,3.85,4.45,3.5,4.4,283844,EQ,,,
2016-06-02,4.65,4.65,4.05,4.25,27393,EQ,,,
2016-06-03,4.3,4.4,4.1,4.3,24006,EQ,,,
2016-06-06,4.15,4.95,4.05,4.45,31377,EQ,,,
2016-06-07,4.4,5.25,4.4,4.95,181788,EQ,,,
2016-06-08,4.95,5.6,4.65,4.75,68829,EQ,,,
2016-06-09,4.7,5.05,4.65,4.8,2520,EQ,,,
2016-06-10,4.65,4.95,4.65,4.65,607,EQ,,,
2016-06-13,4.85,4.85,4.4,4.6,5642,EQ,,,
2016-06-14,4.5,4.65,4.35,4.55,23533,EQ,,,
2016-06-15,4.4,4.55,4.4,4.5,17932,EQ,,,
2016-06-16,4.35,4.55,4.25,4.35,10889,EQ,,,
2016-06-17,4.4,4.7,4.2,4.5,12761,EQ,,,
2016-06-20,4.6,4.6,4.25,4.35,14655,EQ,,,
2016-06-21,4.8,4.8,4.3,4.3,6389,EQ,,,
2016-06-22,4.5,4.5,4.25,4.35,107501,EQ,,,
2016-06-23,4.25,4.3,4.15,4.25,81994,EQ,,,
2016-06-24,4.15,4.2,3.9,4.05,4706,EQ,,,
2016-06-27,4.1,4.65,4.1,4.15,19856,EQ,,,
2016-06-28,4.35,4.85,4.25,4.45,290908,EQ,,,
2016-06-29,4.5,4.85,4.45,4.45,37860,EQ,,,
2016-06-30,4.55,5.35,4.55,5.35,430844,EQ,,,
2016-07-01,5.4,6.25,5.4,5.55,306404,EQ,,,
2016-07-04,5.55,5.9,5.4,5.5,165933,EQ,,,
2016-07-05,5.4,5.75,5.4,5.4,67290,EQ,,,
2016-07-07,5.35,6.5,5.25,6.5,504043,EQ,,,
2016-07-08,6.25,6.8,6.1,6.35,316559,EQ,,,
2016-07-11,6.55,6.8,6.35,6.4,36800,EQ,,,
2016-07-12,6.4,6.4,6.1,6.25,44789,EQ,,,
2016-07-13,6.3,6.35,6.05,6.1,25195,EQ,,,
2016-07-14,6.2,6.45,5.9,6.0,45463,EQ,,,
2016-07-15,6.0,6.1,5.75,5.8,167987,EQ,,,
2016-07-18,5.85,6.35,5.85,6.35,310193,EQ,,,
2016-07-19,6.25,6.8,6.05,6.15,139233,EQ,,,
2016-07-20,6.1,6.45,6.1,6.3,34752,EQ,,,
2016-07-21,6.45,6.45,6.1,6.15,53195,EQ,,,
2016-07-22,6.1,6.5,6.1,6.35,110558,EQ,,,
2016-07-25,6.35,6.55,6.2,6.25,29573,EQ,,,
2016-07-26,6.4,6.4,6.15,6.2,15253,EQ,,,
2016-07-27,6.15,6.3,6.0,6.1,29960,EQ,,,
2016-07-28,6.1,6.15,6.05,6.1,21610,EQ,,,
2016-07-29,6.0,6.1,5.95,6.0,14617,EQ,,,
2016-08-01,6.05,6.3,6.0,6.1,50334,EQ,,,
2016-08-02,6.1,6.6,5.8,6.2,129138,EQ,,,
2016-08-03,6.1,6.25,6.0,6.05,772,EQ,,,
2016-08-04,6.5,6.5,5.8,6.15,166799,EQ,,,
2016-08-05,6.4,6.4,6.2,6.3,23907,EQ,,,
2016-08-08,6.35,6.5,6.35,6.4,89756,EQ,,,
2016-08-09,6.5,7.45,6.3,6.4,123491,EQ,,,
2016-08-10,6.4,6.5,6.3,6.4,5121,EQ,,,
2016-08-11,6.45,6.9,6.3,6.35,119968,EQ,,,
2016-08-12,6.5,7.6,6.5,7.6,568017,EQ,,,
2016-08-16,8.2,8.55,7.2,7.3,198620,EQ,,,
2016-08-17,7.2,7.5,6.9,7.1,213382,EQ,,,
2016-08-18,7.1,7.4,7.0,7.2,42023,EQ,,,
2016-08-19,7.3,7.5,7.2,7.2,21108,EQ,,,
2016-08-22,7.2,7.45,7.0,7.2,26039,EQ,,,
2016-08-23,7.2,7.4,7.1,7.15,11196,EQ,,,
2016-08-24,7.0,7.4,6.9,6.95,162019,EQ,,,
2016-08-25,7.0,7.3,6.8,6.85,6524,EQ,,,
2016-08-26,6.9,7.2,6.5,6.9,46238,EQ,,,
2016-08-29,6.8,7.15,6.8,7.05,6606,EQ,,,
2016-08-30,7.0,8.45,6.9,8.3,556689,EQ,,,
2016-08-31,8.45,9.45,7.8,8.0,187929,EQ,,,
2016-09-01,8.1,8.2,7.2,7.45,205750,EQ,,,
2016-09-02,7.45,7.9,7.3,7.5,95748,EQ,,,
2016-09-06,7.7,8.35,7.5,7.8,220736,EQ,,,
2016-09-07,7.85,8.5,7.65,7.8,216361,EQ,,,
2016-09-08,7.75,8.05,7.15,7.7,136742,EQ,,,
2016-09-09,7.75,8.0,7.35,7.85,110128,EQ,,,
2016-09-12,7.6,8.0,7.4,7.55,15446,EQ,,,
2016-09-14,7.4,8.75,7.3,8.3,490269,EQ,,,
2016-09-15,8.2,8.8,7.9,8.0,196409,EQ,,,
2016-09-16,7.95,9.55,7.95,9.55,580097,EQ,,,
2016-09-19,10.2,10.5,9.35,9.55,308286,EQ,,,
2016-09-20,9.6,10.05,9.4,9.65,192809,EQ,,,
2016-09-21,9.75,9.9,9.45,9.55,103189,EQ,,,
2016-09-22,9.75,10.5,9.5,9.85,420697,EQ,,,
2016-09-23,9.95,10.4,9.5,10.0,345028,EQ,,,
2016-09-26,9.7,10.5,9.7,10.1,163392,EQ,,,
2016-09-27,10.1,11.0,10.1,10.7,252459,EQ,,,
2016-09-28,10.7,12.4,10.6,11.7,819716,EQ,,,
2016-09-29,11.7,12.4,9.55,10.2,468945,EQ,,,
2016-09-30,10.15,10.85,9.7,10.15,239548,EQ,,,
2016-10-03,10.35,11.15,10.15,10.8,337432,EQ,,,
2016-10-04,10.95,11.65,10.65,11.45,617352,EQ,,,
2016-10-05,11.45,11.55,10.8,11.25,118066,EQ,,,
2016-10-06,11.35,12.0,11.2,11.8,482246,EQ,,,
2016-10-07,11.75,12.0,11.4,11.75,96030,EQ,,,
2016-10-10,11.9,12.5,11.8,12.2,523079,EQ,,,
2016-10-13,12.4,14.3,12.3,13.4,3332249,EQ,,,
2016-10-14,13.7,14.3,13.15,13.65,2825677,EQ,,,
2016-10-17,13.95,14.2,11.25,12.4,1689480,EQ,,,
2016-10-18,12.7,13.0,11.3,11.7,1732039,EQ,,,
2016-10-19,12.0,14.0,10.3,13.95,5884828,EQ,,,
2016-10-20,13.7,14.95,12.75,13.55,2599232,EQ,,,
2016-10-21,13.55,14.25,13.2,13.45,1796429,EQ,,,
2016-10-24,13.8,13.9,12.9,13.0,1472726,EQ,,,
2016-10-25,12.75,13.7,12.75,13.2,2099286,EQ,,,
2016-10-26,13.15,13.5,12.9,13.4,1698201,EQ,,,
2016-10-27,13.35,13.4,13.05,13.3,1811306,EQ,,,
2016-10-28,13.55,14.2,12.25,12.95,3746035,EQ,,,
2016-10-30,13.2,14.2,13.2,13.9,1109295,EQ,,,
2016-11-01,13.5,13.9,12.9,12.95,1629361,EQ,,,
2016-11-02,13.2,13.2,12.6,12.65,475590,EQ,,,
2016-11-03,12.85,13.2,12.6,13.0,1652348,EQ,,,
2016-11-04,13.0,13.7,13.0,13.0,829397,EQ,,,
2016-11-07,13.3,14.0,13.1,13.4,3125169,EQ,,,
2016-11-08,13.35,13.9,12.3,13.75,2020884,EQ,,,
2016-11-09,11.55,11.85,11.0,11.0,1587201,EQ,,,
2016-11-10,11.65,12.4,10.75,11.1,1788702,EQ,,,
2016-11-11,10.9,10.95,9.6,10.25,691218,EQ,,,
2016-11-15,10.55,10.55,9.15,9.35,530000,EQ,,,
2016-11-16,9.85,9.85,8.6,9.1,271037,EQ,,,
2016-11-17,9.15,9.4,8.6,9.15,1044325,EQ,,,
2016-11-18,8.65,9.8,8.55,9.2,1133439,EQ,,,
2016-11-21,9.35,9.35,9.05,9.1,194652,EQ,,,
2016-11-22,9.55,9.55,9.05,9.2,143031,EQ,,,
2016-11-23,9.15,9.75,9.15,9.3,231519,EQ,,,
2016-11-24,9.2,9.7,9.0,9.45,342383,EQ,,,
2016-11-25,9.3,10.35,9.3,10.35,732580,EQ,,,
2016-11-28,10.55,11.0,10.3,10.45,163727,EQ,,,
2016-11-29,10.5,11.35,10.25,10.45,1849330,EQ,,,
2016-11-30,10.65,11.25,10.25,10.9,840412,EQ,,,
2016-12-01,11.1,11.45,10.75,11.05,316574,EQ,,,
2016-12-02,11.05,11.3,10.7,11.1,367000,EQ,,,
2016-12-05,10.9,12.0,10.35,11.75,596580,EQ,,,
2016-12-06,11.8,12.35,11.3,11.4,278333,EQ,,,
2016-12-07,11.5,11.8,11.0,11.1,528443,EQ,,,
2016-12-08,11.05,13.3,10.85,13.3,3248238,EQ,,,
2016-12-09,14.4,14.5,13.5,13.7,1149430,EQ,,,
2016-12-12,13.6,14.7,13.15,13.5,550167,EQ,,,
2016-12-13,13.5,14.7,12.8,13.85,740168,EQ,,,
2016-12-14,13.85,14.35,13.35,13.35,313174,EQ,,,
2016-12-15,13.35,13.9,13.2,13.45,536932,EQ,,,
2016-12-16,13.2,13.75,13.2,13.45,277126,EQ,,,
2016-12-19,13.45,13.55,13.1,13.3,315035,EQ,,,
2016-12-20,13.25,13.8,13.05,13.3,320476,EQ,,,
2016-12-21,13.4,14.3,12.25,12.55,755113,EQ,,,
2016-12-22,12.4,12.6,11.7,11.8,247827,EQ,,,
2016-12-23,12.0,12.45,11.5,11.65,998254,EQ,,,
2016-12-26,11.65,11.65,11.1,11.25,170435,EQ,,,
2016-12-27,11.0,11.35,11.0,11.05,72829,EQ,,,
2016-12-28,11.4,12.0,11.0,11.2,941277,EQ,,,
2016-12-29,11.4,13.2,10.5,12.15,1795159,EQ,,,
2016-12-30,12.25,13.4,11.5,11.65,2128759,EQ,,,
2017-01-02,11.8,12.5,11.4,11.7,1545566,EQ,,,
2017-01-03,11.7,12.4,11.3,12.15,1840222,EQ,,,
2017-01-04,12.25,12.75,12.05,12.4,1451332,EQ,,,
2017-01-05,12.65,12.8,12.15,12.2,1378001,EQ,,,
2017-01-06,12.45,12.7,11.95,12.0,957208,EQ,,,
2017-01-09,12.15,12.3,11.85,11.9,701639,EQ,,,
2017-01-10,11.85,12.3,11.85,12.05,1077223,EQ,,,
2017-01-11,12.15,12.35,12.0,12.0,795096,EQ,,,
2017-01-12,12.1,12.3,11.35,12.1,891952,EQ,,,
2017-01-13,12.05,13.2,11.5,12.5,2364484,EQ,,,
2017-01-16,12.85,12.85,12.5,12.55,676518,EQ,,,
2017-01-17,12.75,13.7,12.1,12.25,2408593,EQ,,,
2017-01-18,12.2,12.8,12.05,12.15,960653,EQ,,,
2017-01-19,12.2,12.35,11.8,11.95,832095,EQ,,,
2017-01-20,12.05,12.3,11.65,11.7,1224984,EQ,,,
2017-01-23,12.0,12.2,11.2,11.6,941937,EQ,,,
2017-01-24,11.35,12.5,11.35,12.2,1332801,EQ,,,
2017-01-25,12.3,12.75,11.85,12.05,1855555,EQ,,,
2017-01-27,12.1,12.75,11.9,12.4,1851702,EQ,,,
2017-01-30,12.55,12.75,12.2,12.3,1187139,EQ,,,
2017-01-31,12.2,12.5,12.2,12.2,772340,EQ,,,
2017-02-01,12.25,12.75,12.1,12.6,979168,EQ,,,
2017-02-02,12.7,12.8,12.3,12.4,1108966,EQ,,,
2017-02-03,12.5,13.2,12.4,12.5,1032770,EQ,,,
2017-02-06,12.6,13.0,12.55,12.7,965262,EQ,,,
2017-02-07,12.8,12.85,12.4,12.4,625109,EQ,,,
2017-02-08,12.55,13.85,12.25,13.25,1373192,EQ,,,
2017-02-09,13.5,14.9,13.3,13.4,7614590,EQ,,,
2017-02-10,13.45,14.0,13.3,13.4,3607511,EQ,,,
2017-02-13,13.35,13.9,12.85,12.85,2856011,EQ,,,
2017-02-14,13.0,13.25,12.75,12.8,2527250,EQ,,,
2017-02-15,12.9,13.0,12.65,12.7,2253269,EQ,,,
2017-02-16,12.7,12.9,12.4,12.75,2013249,EQ,,,
2017-02-17,12.85,12.95,12.55,12.55,2222748,EQ,,,
2017-02-20,12.75,12.75,12.2,12.3,2609070,EQ,,,
2017-02-21,12.25,13.8,12.25,13.45,3407802,EQ,,,
2017-02-22,13.45,14.1,13.1,13.9,4993005,EQ,,,
2017-02-23,14.0,14.6,13.4,13.5,1216090,EQ,,,
2017-02-27,13.5,13.95,13.05,13.2,2073753,EQ,,,
2017-02-28,13.35,13.4,13.05,13.1,1333742,EQ,,,
2017-03-01,13.25,13.25,12.9,13.0,1063521,EQ,,,
2017-03-02,13.3,14.45,12.25,12.3,4590386,EQ,,,
2017-03-03,12.35,12.7,12.1,12.25,1411761,EQ,,,
2017-03-06,12.2,12.9,11.9,12.0,1869837,EQ,,,
2017-03-07,12.1,12.25,11.6,11.65,2730064,EQ,,,
2017-03-08,11.75,11.8,11.15,11.45,2058714,EQ,,,
2017-03-09,11.2,11.45,11.15,11.25,1173111,EQ,,,
2017-03-10,11.25,11.95,11.1,11.55,2029677,EQ,,,
2017-03-14,11.95,11.95,11.45,11.75,1537966,EQ,,,
2017-03-15,11.7,11.8,11.4,11.45,1585362,EQ,,,
2017-03-16,11.55,11.55,11.2,11.3,1184203,EQ,,,
2017-03-17,11.3,11.35,11.1,11.15,362654,EQ,,,
2017-03-20,11.15,11.75,11.15,11.35,1004352,EQ,,,
2017-03-21,11.35,11.65,11.25,11.3,558333,EQ,,,
2017-03-22,11.25,11.4,11.15,11.25,400703,EQ,,,
2017-03-23,11.4,11.7,11.2,11.2,436493,EQ,,,
2017-03-24,11.4,11.7,11.3,11.35,652231,EQ,,,
2017-03-27,11.2,11.9,11.15,11.65,314984,EQ,,,
2017-03-28,11.95,12.65,11.4,11.8,707567,EQ,,,
2017-03-29,12.05,12.3,11.4,11.55,484612,EQ,,,
2017-03-30,11.7,11.75,11.3,11.45,216274,EQ,,,
2017-03-31,11.25,11.6,11.0,11.0,2992167,EQ,,,
2017-04-03,11.35,11.8,11.1,11.2,304898,EQ,,,
2017-04-05,11.2,11.4,11.05,11.1,112876,EQ,,,
2017-04-06,11.2,11.25,10.6,11.0,210224,EQ,,,
2017-04-07,11.0,11.35,10.9,11.1,857446,EQ,,,
2017-04-10,11.2,11.7,11.0,11.1,511055,EQ,,,
2017-04-11,11.1,11.55,11.0,11.35,5328800,EQ,,,
2017-04-12,11.4,11.5,11.15,11.25,1513805,EQ,,,
2017-04-13,11.3,11.8,11.3,11.65,452263,EQ,,,
2017-04-17,11.85,11.85,11.35,11.8,1006574,EQ,,,
2017-04-18,11.7,12.65,11.5,12.25,1781107,EQ,,,
2017-04-19,12.7,12.9,11.8,12.15,891300,EQ,,,
2017-04-20,12.0,12.8,11.7,12.45,5530763,EQ,,,
2017-04-21,12.65,12.9,12.15,12.55,1333586,EQ,,,
2017-04-24,12.7,13.3,12.05,12.25,2519156,EQ,,,
2017-04-25,12.6,13.1,12.2,13.0,3747271,EQ,,,
2017-04-26,13.0,13.4,12.55,12.65,2514485,EQ,,,
2017-04-27,12.95,12.95,12.3,12.55,664628,EQ,,,
2017-04-28,12.55,12.65,10.05,10.05,2542306,EQ,,,
2017-05-02,8.5,11.45,8.5,10.55,5965769,EQ,,,
2017-05-03,10.85,11.4,10.2,10.2,964029,EQ,,,
2017-05-04,10.5,10.7,10.25,10.35,764943,EQ,,,
2017-05-05,10.6,10.6,10.3,10.35,133606,EQ,,,
2017-05-08,10.6,10.6,8.9,10.0,2000014,EQ,,,
2017-05-09,9.75,10.95,9.4,10.5,2911779,EQ,,,
2017-05-10,10.4,10.5,9.95,10.05,500096,EQ,,,
2017-05-11,10.2,10.3,10.05,10.1,61071,EQ,,,
2017-05-12,10.15,10.25,8.5,10.15,794138,EQ,,,
2017-05-15,10.1,10.35,10.1,10.2,144271,EQ,,,
2017-05-16,10.25,10.25,8.95,9.1,1148265,EQ,,,
2017-05-17,9.0,9.25,7.3,7.3,2358329,EQ,,,
2017-05-18,6.6,7.45,6.6,6.9,1257722,EQ,,,
2017-05-19,7.0,7.4,6.95,7.25,328660,EQ,,,
2017-05-22,7.65,7.65,7.15,7.25,664501,EQ,,,
2017-05-23,7.05,7.4,7.0,7.25,660360,EQ,,,
2017-05-24,7.15,7.2,6.75,7.05,166462,EQ,,,
2017-05-25,7.0,7.05,6.75,7.0,121444,EQ,,,
2017-05-26,7.1,7.1,6.9,7.0,84679,EQ,,,
2017-05-29,7.1,7.1,6.6,6.75,60109,EQ,,,
2017-05-30,6.7,6.95,6.7,6.75,36787,EQ,,,
2017-05-31,6.8,6.8,6.3,6.6,68126,EQ,,,
2017-06-01,6.3,6.6,6.0,6.1,124141,EQ,,,
2017-06-02,6.05,6.3,5.9,6.0,63676,EQ,,,
2017-06-05,5.95,6.2,5.85,6.0,35722,EQ,,,
2017-06-06,5.95,6.1,5.9,5.95,31372,EQ,,,
2017-06-07,6.1,6.1,5.5,5.7,82282,EQ,,,
2017-06-08,5.9,6.0,5.5,5.65,109678,EQ,,,
2017-06-09,5.7,5.75,5.35,5.6,109535,EQ,,,
2017-06-12,5.45,5.75,5.45,5.6,73600,EQ,,,
2017-06-13,5.65,6.7,5.65,6.5,384528,EQ,,,
2017-06-14,6.9,7.4,6.6,6.7,2116340,EQ,,,
2017-06-15,6.8,7.0,6.55,6.6,131217,EQ,,,
2017-06-16,6.55,6.7,6.4,6.65,61967,EQ,,,
2017-06-19,6.65,6.7,6.25,6.55,56102,EQ,,,
2017-06-20,6.55,7.0,6.25,6.5,239593,EQ,,,
2017-06-21,6.55,6.75,6.55,6.6,32558,EQ,,,
2017-06-22,6.7,7.4,6.5,7.0,802576,EQ,,,
2017-06-23,6.85,7.35,6.85,7.0,691733,EQ,,,
2017-06-27,6.95,7.0,6.65,6.8,108555,EQ,,,
2017-06-28,6.75,7.4,6.65,6.85,204185,EQ,,,
2017-06-29,7.0,7.8,6.8,7.5,1220271,EQ,,,
2017-06-30,7.4,8.2,7.0,7.15,875074,EQ,,,
2017-07-03,7.45,7.65,7.0,7.3,184187,EQ,,,
2017-07-04,7.6,7.6,6.95,7.3,251400,EQ,,,
2017-07-05,7.25,7.5,7.05,7.45,787400,EQ,,,
2017-07-06,7.45,8.0,7.35,7.8,1034061,EQ,,,
2017-07-07,7.65,8.3,7.4,7.8,628790,EQ,,,
2017-07-10,8.1,8.3,7.5,8.0,32070,EQ,,,
2017-07-11,8.25,8.35,7.6,8.0,543593,EQ,,,
2017-07-12,8.15,8.7,8.0,8.25,561456,EQ,,,
2017-07-13,8.4,8.45,8.0,8.05,372594,EQ,,,
2017-07-14,8.3,8.3,7.8,7.9,159828,EQ,,,
2017-07-17,7.6,8.25,7.6,7.95,670790,EQ,,,
2017-07-18,8.0,8.0,7.7,7.8,50602,EQ,,,
2017-07-19,7.7,8.25,7.65,7.85,502219,EQ,,,
2017-07-20,7.8,8.0,7.55,7.6,154354,EQ,,,
2017-07-21,7.6,7.8,7.5,7.6,122750,EQ,,,
2017-07-24,7.5,7.7,7.5,7.65,27948,EQ,,,
2017-07-25,7.5,8.7,7.5,8.55,1571664,EQ,,,
2017-07-26,8.65,9.45,8.6,8.85,1386614,EQ,,,
2017-07-27,9.2,9.3,8.4,8.6,601199,EQ,,,
2017-07-28,8.95,8.95,8.35,8.6,269358,EQ,,,
2017-07-31,9.2,9.2,7.85,8.05,1948974,EQ,,,
2017-08-01,8.4,8.4,7.7,7.75,288799,EQ,,,
2017-08-02,7.95,7.95,7.45,7.6,536281,EQ,,,
2017-08-03,7.5,8.15,7.35,7.55,248222,EQ,,,
2017-08-04,7.8,8.2,7.45,7.6,927665,EQ,,,
2017-08-07,7.6,7.9,7.4,7.7,292073,EQ,,,
2017-08-08,7.7,7.75,7.4,7.45,117389,EQ,,,
2017-08-09,7.35,7.35,7.0,7.05,83143,EQ,,,
2017-08-10,7.35,7.35,6.55,7.1,444642,EQ,,,
2017-08-11,6.8,7.15,6.75,7.0,105707,EQ,,,
2017-08-14,6.95,7.15,6.45,6.65,319489,EQ,,,
2017-08-16,6.9,6.9,6.65,6.75,97951,EQ,,,
2017-08-17,6.9,6.9,6.6,6.75,82434,EQ,,,
2017-08-18,6.85,7.2,6.55,6.8,204890,EQ,,,
2017-08-21,7.3,7.45,6.85,6.95,266639,EQ,,,
2017-08-22,7.1,7.3,6.6,6.65,1032678,EQ,,,
2017-08-23,6.9,6.9,6.6,6.7,129764,EQ,,,
2017-08-24,6.85,6.85,6.6,6.75,112248,EQ,,,
2017-08-28,7.0,7.0,6.65,6.7,50090,EQ,,,
2017-08-29,6.7,6.7,6.55,6.55,92719,EQ,,,
2017-08-30,6.55,6.7,6.5,6.65,53421,EQ,,,
2017-08-31,6.7,6.9,6.55,6.6,40717,EQ,,,
2017-09-01,6.7,6.75,6.6,6.65,61258,EQ,,,
2017-09-04,6.6,7.3,6.6,6.7,252193,EQ,,,
2017-09-05,6.65,6.9,6.65,6.7,73557,EQ,,,
2017-09-06,6.75,6.9,6.55,6.65,190623,EQ,,,
2017-09-07,6.7,6.8,6.65,6.65,494149,EQ,,,
2017-09-08,6.6,6.75,6.6,6.65,160139,EQ,,,
2017-09-11,6.7,6.75,6.45,6.55,283125,EQ,,,
2017-09-12,6.6,6.8,6.45,6.5,124646,EQ,,,
2017-09-13,6.6,6.75,6.45,6.6,124225,EQ,,,
2017-09-14,6.6,6.8,6.45,6.5,109017,EQ,,,
2017-09-15,6.55,6.55,6.3,6.45,27231,EQ,,,
2017-09-18,6.45,6.55,6.3,6.45,606551,EQ,,,
2017-09-19,6.55,6.65,6.45,6.6,268690,EQ,,,
2017-09-20,6.6,7.0,6.45,6.8,391077,EQ,,,
2017-09-21,6.95,7.75,6.7,6.85,594392,EQ,,,
2017-09-22,7.1,7.15,6.6,6.85,284498,EQ,,,
2017-09-25,6.75,6.8,6.45,6.5,228083,EQ,,,
2017-09-26,6.6,6.7,6.3,6.55,229322,EQ,,,
2017-09-27,6.65,6.65,6.4,6.45,180275,EQ,,,
2017-09-28,6.45,6.7,6.35,6.35,174189,EQ,,,
2017-09-29,6.5,6.75,6.5,6.7,291339,EQ,,,
2017-10-03,6.7,7.0,6.6,6.85,784771,EQ,,,
2017-10-04,6.95,7.4,6.65,7.1,2507012,EQ,,,
2017-10-05,7.2,7.65,7.1,7.3,522271,EQ,,,
2017-10-06,7.1,8.0,7.0,7.55,1904262,EQ,,,
2017-10-09,8.0,8.0,7.15,7.65,1403885,EQ,,,
2017-10-10,7.85,8.35,7.65,7.85,915253,EQ,,,
2017-10-11,7.75,8.05,7.45,7.65,874295,EQ,,,
2017-10-12,7.9,7.95,7.7,7.8,352222,EQ,,,
2017-10-13,7.95,8.0,7.8,7.95,819580,EQ,,,
2017-10-16,8.2,8.75,7.5,7.65,3301625,EQ,,,
2017-10-17,8.0,9.15,7.05,8.6,4401847,EQ,,,
2017-10-18,9.7,10.3,9.7,10.1,2738772,EQ,,,
2017-10-19,10.9,11.1,10.6,10.7,1048393,EQ,,,
2017-10-23,10.7,11.1,10.7,10.8,614893,EQ,,,
2017-10-24,10.7,10.9,9.75,9.75,1050064,EQ,,,
2017-10-25,9.75,9.75,8.8,8.95,491285,EQ,,,
2017-10-26,8.55,8.8,8.55,8.55,40150,BE,,,
2017-10-27,8.15,8.15,8.15,8.15,26661,BE,,,
2017-10-30,7.75,8.55,7.75,8.4,529853,BE,,,
2017-10-31,8.25,8.3,8.0,8.0,244896,BE,,,
2017-11-01,8.0,8.0,7.65,7.9,215862,BE,,,
2017-11-02,7.9,8.05,7.65,7.9,210095,BE,,,
2017-11-03,7.95,8.2,7.55,7.85,96938,BE,,,
2017-11-06,8.0,8.0,7.65,7.75,69813,BE,,,
2017-11-07,7.5,7.75,7.4,7.4,90240,BE,,,
2017-11-08,7.05,7.7,7.05,7.05,181083,BE,,,
2017-11-09,7.0,7.1,6.75,6.95,295257,BE,,,
2017-11-10,7.15,7.15,6.65,6.8,204785,BE,,,
2017-11-13,6.95,6.95,6.7,6.85,13401,BE,,,
2017-11-14,6.9,6.95,6.6,6.75,135283,BE,,,
2017-11-15,6.7,6.8,6.5,6.7,8542,BE,,,
2017-11-16,6.75,6.75,6.4,6.45,75239,BE,,,
2017-11-17,6.5,6.75,6.4,6.5,42047,BE,,,
2017-11-20,6.8,6.8,6.4,6.8,34808,BE,,,
2017-11-21,6.9,7.1,6.75,6.95,96880,BE,,,
2017-11-22,6.7,7.25,6.7,7.0,86827,BE,,,
2017-11-23,6.95,7.2,6.7,7.05,20023,BE,,,
2017-11-24,7.25,7.25,6.75,6.8,48166,BE,,,
2017-11-27,6.75,6.95,6.75,6.9,37191,BE,,,
2017-11-28,6.9,7.0,6.75,6.9,215419,BE,,,
2017-11-29,6.9,7.0,6.8,7.0,217150,BE,,,
2017-11-30,6.8,7.0,6.75,6.85,154294,BE,,,
2017-12-01,7.0,7.15,6.9,7.0,174672,BE,,,
2017-12-04,7.35,7.35,7.05,7.15,267007,BE,,,
2017-12-05,7.3,7.5,6.85,7.35,246267,BE,,,
2017-12-06,7.55,7.65,7.25,7.4,426639,BE,,,
2017-12-07,7.7,7.75,7.35,7.75,295541,BE,,,
2017-12-08,8.05,8.05,7.75,7.9,335641,BE,,,
2017-12-11,8.1,8.1,7.75,7.85,217412,BE,,,
2017-12-12,8.1,8.1,7.65,7.95,319148,BE,,,
2017-12-13,8.15,8.15,7.8,8.0,256538,BE,,,
2017-12-14,8.1,8.1,7.75,7.95,282015,BE,,,
2017-12-15,7.8,8.1,7.75,7.95,391543,BE,,,
2017-12-18,8.2,8.3,7.75,7.9,295246,BE,,,
2017-12-19,7.85,8.0,7.65,7.8,399962,BE,,,
2017-12-20,7.9,8.0,7.65,7.8,341113,BE,,,
2017-12-21,7.8,7.95,7.8,7.85,195965,BE,,,
2017-12-22,7.7,8.15,7.7,7.85,305494,BE,,,
2017-12-26,8.1,8.1,7.7,7.95,237988,BE,,,
2017-12-27,8.1,8.1,7.75,7.85,243965,BE,,,
2017-12-28,7.9,7.9,7.7,7.85,221439,BE,,,
2017-12-29,7.7,7.95,7.6,7.65,324743,BE,,,
2018-01-01,7.9,8.0,7.65,7.95,234210,BE,,,
2018-01-02,8.2,8.3,8.0,8.2,308217,BE,,,
2018-01-03,8.5,8.5,8.2,8.4,301835,BE,,,
2018-01-04,8.6,8.8,8.45,8.8,93916,BE,,,
2018-01-05,9.2,9.2,8.9,9.2,221296,BE,,,
2018-01-08,9.2,9.65,9.2,9.65,216078,BE,,,
2018-01-09,10.1,10.1,9.9,10.1,174585,BE,,,
2018-01-10,10.6,10.6,10.6,10.6,117856,BE,,,
2018-01-11,10.95,11.1,10.85,11.05,809508,BE,,,
2018-01-12,11.5,11.6,11.1,11.1,470459,BE,,,
2018-01-15,11.1,11.5,11.1,11.3,437874,BE,,,
2018-01-16,11.65,11.65,10.75,11.3,666059,BE,,,
2018-01-17,10.75,11.7,10.75,10.8,561322,BE,,,
2018-01-18,10.9,11.1,10.3,10.3,226480,BE,,,
2018-01-19,9.8,10.3,9.8,9.8,34923,BE,,,
2018-01-22,9.8,9.95,9.35,9.85,549667,BE,,,
2018-01-23,9.8,9.8,9.4,9.4,94379,BE,,,
2018-01-24,9.0,9.4,8.95,8.95,178456,BE,,,
2018-01-25,8.55,9.35,8.55,9.35,319153,BE,,,
2018-01-29,9.35,9.65,9.2,9.5,124951,BE,,,
2018-01-30,9.15,9.7,9.05,9.05,192637,BE,,,
2018-01-31,9.1,9.3,8.7,8.95,159070,BE,,,
2018-02-01,9.3,9.3,8.55,8.55,8571,BE,,,
2018-02-02,8.5,8.8,8.15,8.65,204214,BE,,,
2018-02-05,8.65,8.9,8.25,8.7,113782,BE,,,
2018-02-06,9.05,9.05,8.3,8.3,110077,BE,,,
2018-02-07,8.6,8.7,8.4,8.6,139295,BE,,,
2018-02-08,8.6,8.85,8.3,8.6,110352,BE,,,
2018-02-09,8.2,8.6,8.2,8.2,150320,BE,,,
2018-02-12,8.2,8.5,7.8,7.8,154379,BE,,,
2018-02-14,7.95,7.95,7.45,7.45,105225,BE,,,
2018-02-15,7.45,7.8,7.15,7.75,83771,BE,,,
2018-02-16,8.1,8.1,7.4,8.05,166697,BE,,,
2018-02-19,8.25,8.25,7.9,7.9,4695,BE,,,
2018-02-20,7.9,7.95,7.65,7.65,91923,BE,,,
2018-02-21,7.65,8.0,7.35,7.95,123747,BE,,,
2018-02-22,7.95,8.05,7.75,7.75,92413,BE,,,
2018-02-23,8.0,8.0,7.5,7.8,113843,BE,,,
2018-02-26,7.8,7.9,7.45,7.75,118378,BE,,,
2018-02-27,7.5,7.95,7.5,7.6,98970,BE,,,
2018-02-28,7.9,7.9,7.3,7.8,141104,BE,,,
2018-03-01,7.9,7.9,7.45,7.6,84110,BE,,,
2018-03-05,7.6,7.6,7.25,7.3,139814,BE,,,
2018-03-06,7.2,7.5,6.95,7.25,333446,BE,,,
2018-03-07,7.0,7.5,7.0,7.15,134104,BE,,,
2018-03-08,7.1,7.25,6.95,7.15,121777,BE,,,
2018-03-09,7.45,7.45,7.0,7.2,119382,BE,,,
2018-03-12,7.45,7.45,7.0,7.2,50868,BE,,,
2018-03-13,7.45,7.45,7.0,7.05,80321,BE,,,
2018-03-14,7.1,7.35,7.0,7.05,11334,BE,,,
2018-03-15,7.3,7.3,6.8,7.1,56510,BE,,,
2018-03-16,6.8,7.15,6.8,6.85,45062,BE,,,
2018-03-19,7.15,7.15,6.9,7.0,56780,BE,,,
2018-03-20,6.7,7.3,6.7,6.9,82865,BE,,,
2018-03-21,6.85,7.0,6.65,6.7,13880,BE,,,
2018-03-22,6.7,7.0,6.45,6.55,40928,BE,,,
2018-03-23,6.55,6.7,6.25,6.3,132035,BE,,,
2018-03-26,6.25,6.45,6.05,6.15,188347,BE,,,
2018-03-27,6.05,6.4,6.0,6.35,13702,BE,,,
2018-03-28,6.1,6.5,6.1,6.35,150508,BE,,,
2018-04-02,6.05,6.65,6.05,6.6,62637,BE,,,
2018-04-03,6.35,6.9,6.35,6.65,90807,BE,,,
2018-04-04,6.45,6.85,6.45,6.5,6067,BE,,,
2018-04-05,6.75,6.75,6.45,6.5,75933,BE,,,
2018-04-06,6.5,6.8,6.4,6.7,22861,BE,,,
2018-04-09,6.45,6.8,6.45,6.75,105714,BE,,,
2018-04-10,6.95,7.0,6.85,6.85,16019,BE,,,
2018-04-11,7.0,7.1,6.85,7.1,58662,BE,,,
2018-04-12,7.3,7.45,7.0,7.4,53447,BE,,,
2018-04-13,7.55,7.75,7.35,7.5,28199,BE,,,
2018-04-16,7.25,7.85,7.25,7.8,114631,BE,,,
2018-04-17,7.85,8.15,7.85,8.15,192924,BE,,,
2018-04-18,8.1,8.15,7.75,7.8,52381,BE,,,
2018-04-19,7.8,8.0,7.5,7.75,22584,BE,,,
2018-04-20,7.55,7.85,7.5,7.5,9395,BE,,,
2018-04-23,7.5,7.65,7.15,7.5,118193,BE,,,
2018-04-24,7.5,7.65,7.3,7.5,426851,BE,,,
2018-04-25,7.5,7.5,7.4,7.5,8777,BE,,,
2018-04-26,7.45,7.5,7.45,7.45,12674,BE,,,
2018-04-27,7.5,7.65,7.1,7.5,315248,BE,,,
2018-04-30,7.5,7.55,7.3,7.45,55662,BE,,,
2018-05-02,7.7,7.7,7.25,7.25,38945,EQ,,,
2018-05-03,7.35,7.35,7.0,7.1,8215,EQ,,,
2018-05-04,7.0,7.45,6.9,7.2,7995,EQ,,,
2018-05-07,7.35,7.35,7.05,7.05,43100,EQ,,,
2018-05-08,7.1,7.4,7.1,7.4,11079,EQ,,,
2018-05-09,7.65,7.65,7.3,7.4,8861,EQ,,,
2018-05-10,7.5,7.65,7.35,7.45,46267,EQ,,,
2018-05-11,7.35,7.5,7.2,7.35,6775,EQ,,,
2018-05-14,7.5,7.7,7.4,7.45,1046953,EQ,,,
2018-05-15,7.5,7.6,7.25,7.45,68654,EQ,,,
2018-05-16,7.65,7.65,7.3,7.4,90202,EQ,,,
2018-05-17,7.4,7.7,7.3,7.55,121023,EQ,,,
2018-05-18,7.55,7.65,7.3,7.4,241184,EQ,,,
2018-05-21,7.4,7.7,7.05,7.55,70397,EQ,,,
2018-05-22,7.35,7.5,7.35,7.4,94028,EQ,,,
2018-05-23,7.5,7.5,7.15,7.4,122826,EQ,,,
2018-05-24,7.45,7.5,7.15,7.15,65905,EQ,,,
2018-05-25,7.4,7.4,7.05,7.1,22900,EQ,,,
2018-05-28,7.4,7.4,7.05,7.1,731153,EQ,,,
2018-05-29,7.0,7.45,7.0,7.1,208671,EQ,,,
2018-05-30,7.15,7.2,7.0,7.0,67910,EQ,,,
2018-05-31,7.0,7.3,6.95,7.0,116316,EQ,,,
2018-06-01,7.1,7.1,6.75,7.0,132249,EQ,,,
2018-06-04,6.85,7.0,6.8,6.95,114537,EQ,,,
2018-06-05,6.9,6.9,6.7,6.85,118466,EQ,,,
2018-06-06,6.65,6.8,6.55,6.55,108933,EQ,,,
2018-06-07,6.6,6.85,6.25,6.5,21328,EQ,,,
2018-06-08,6.3,6.65,6.3,6.5,57331,EQ,,,
2018-06-11,6.5,6.85,6.5,6.5,85507,EQ,,,
2018-06-12,6.3,6.85,6.3,6.55,166798,EQ,,,
2018-06-13,6.35,6.8,6.35,6.55,19014,EQ,,,
2018-06-14,6.75,6.75,6.3,6.5,57010,EQ,,,
2018-06-15,6.75,7.15,6.3,6.8,74654,EQ,,,
2018-06-18,6.55,7.45,6.55,7.45,62049,EQ,,,
2018-06-19,7.95,7.95,7.3,7.5,166370,EQ,,,
2018-06-20,7.55,7.7,7.45,7.5,43356,EQ,,,
2018-06-21,7.55,8.15,7.55,8.1,211921,EQ,,,
2018-06-22,8.1,8.75,7.7,7.95,281187,EQ,,,
2018-06-25,8.65,8.65,7.7,8.15,49089,EQ,,,
2018-06-26,8.15,8.4,7.75,8.25,48156,EQ,,,
2018-06-27,8.15,8.25,7.75,7.8,22128,EQ,,,
2018-06-28,7.9,8.2,7.85,7.9,51508,EQ,,,
2018-06-29,7.9,8.2,7.7,7.85,37765,EQ,,,
2018-07-02,8.1,8.1,7.3,7.6,70626,EQ,,,
2018-07-03,7.55,8.0,7.25,7.8,153412,EQ,,,
2018-07-04,7.95,8.1,7.25,7.25,135629,EQ,,,
2018-07-05,7.3,7.65,7.0,7.6,93999,EQ,,,
2018-07-06,7.4,7.6,6.85,6.95,187986,EQ,,,
2018-07-09,7.1,7.1,6.8,6.95,62168,EQ,,,
2018-07-10,6.95,6.95,6.6,6.65,42121,EQ,,,
2018-07-11,6.9,6.95,6.35,6.4,90656,EQ,,,
2018-07-12,6.55,6.8,5.95,6.05,154103,EQ,,,
2018-07-13,6.0,6.15,5.75,5.85,325640,EQ,,,
2018-07-16,5.65,6.1,5.65,6.05,26279,EQ,,,
2018-07-17,6.3,6.35,5.95,6.15,67780,EQ,,,
2018-07-18,6.2,6.45,6.2,6.3,52037,EQ,,,
2018-07-19,6.3,6.6,6.2,6.45,46991,EQ,,,
2018-07-20,6.3,6.75,6.25,6.65,38469,EQ,,,
2018-07-23,6.55,6.95,6.55,6.95,49887,EQ,,,
2018-07-24,7.05,7.25,6.7,7.1,141193,EQ,,,
2018-07-25,7.25,7.45,7.05,7.1,26832,EQ,,,
2018-07-26,7.1,7.4,7.1,7.25,37650,EQ,,,
2018-07-27,7.3,7.5,7.05,7.35,36118,EQ,,,
2018-07-30,7.3,7.7,7.25,7.65,50685,EQ,,,
2018-07-31,7.55,8.0,7.55,7.95,190374,EQ,,,
2018-08-01,8.25,8.3,7.8,8.2,172342,EQ,,,
2018-08-02,7.85,8.5,7.8,7.9,240142,BE,,,
2018-08-03,7.8,7.9,7.55,7.55,26774,BE,,,
2018-08-06,7.8,7.9,7.2,7.9,69793,BE,,,
2018-08-07,7.9,8.2,7.6,7.85,42225,BE,,,
2018-08-08,8.1,8.1,7.65,8.05,49844,BE,,,
2018-08-09,8.0,8.45,7.9,8.35,64299,BE,,,
2018-08-10,8.75,8.75,8.2,8.6,92454,BE,,,
2018-08-13,8.2,8.85,8.2,8.5,53415,BE,,,
2018-08-14,8.15,8.5,8.15,8.35,66584,BE,,,
2018-08-16,8.05,8.45,7.95,7.95,333348,BE,,,
2018-08-17,7.6,7.95,7.6,7.6,13214,BE,,,
2018-08-20,7.4,7.95,7.25,7.85,135388,BE,,,
2018-08-21,7.95,8.2,7.9,8.0,52884,BE,,,
2018-08-23,8.0,8.4,7.85,8.4,151447,BE,,,
2018-08-24,8.7,8.8,8.2,8.8,57512,BE,,,
2018-08-27,8.45,9.2,8.45,9.15,119953,BE,,,
2018-08-28,9.3,9.6,9.0,9.6,397350,BE,,,
2018-08-29,9.35,10.05,9.35,10.0,79601,BE,,,
2018-08-30,9.65,10.4,9.5,10.1,173318,BE,,,
2018-08-31,10.45,10.45,9.6,9.6,338688,BE,,,
2018-09-03,9.15,9.95,9.15,9.15,13002,BE,,,
2018-09-04,8.7,9.6,8.7,9.6,115252,BE,,,
2018-09-05,9.5,10.05,9.2,9.9,521010,BE,,,
2018-09-06,9.7,10.0,9.6,9.95,353493,BE,,,
2018-09-07,10.0,10.4,9.6,10.3,140545,BE,,,
2018-09-10,10.25,10.8,9.9,10.2,241238,BE,,,
2018-09-11,10.6,10.6,9.75,10.15,657112,BE,,,
2018-09-12,10.5,10.5,9.8,9.95,299320,BE,,,
2018-09-14,9.55,9.95,9.55,9.75,75768,BE,,,
2018-09-17,10.15,10.2,9.3,10.2,648516,BE,,,
2018-09-18,9.85,10.15,9.7,9.75,62711,BE,,,
2018-09-19,9.9,10.0,9.4,9.85,131180,BE,,,
2018-09-21,9.5,10.1,9.4,9.9,146999,BE,,,
2018-09-24,9.9,9.9,9.45,9.65,86754,BE,,,
2018-09-25,9.3,10.1,9.3,9.95,327376,BE,,,
2018-09-26,10.1,10.1,9.5,9.55,177592,BE,,,
2018-09-27,9.1,9.7,9.1,9.1,18859,BE,,,
2018-09-28,8.65,8.65,8.65,8.65,6029,BE,,,
2018-10-01,8.25,8.25,8.25,8.25,13436,BE,,,
2018-10-03,8.0,8.55,7.85,8.2,154161,BE,,,
2018-10-04,7.8,8.4,7.8,8.05,11999,BE,,,
2018-10-05,7.85,8.35,7.65,7.7,46117,BE,,,
2018-10-08,7.7,8.05,7.45,8.0,60809,BE,,,
2018-10-09,7.7,8.35,7.7,8.0,27480,BE,,,
2018-10-10,7.75,8.35,7.75,8.2,116391,BE,,,
2018-10-11,8.15,8.35,7.8,8.1,27745,BE,,,
2018-10-12,8.3,8.5,7.85,8.45,69459,BE,,,
2018-10-15,8.75,8.85,8.2,8.8,34810,BE,,,
2018-10-16,8.45,9.2,8.45,9.05,907295,EQ,,,
2018-10-17,8.85,9.2,8.6,8.75,291860,EQ,,,
2018-10-19,8.35,8.8,8.35,8.4,25625,EQ,,,
2018-10-22,8.4,8.55,8.0,8.05,182169,EQ,,,
2018-10-23,7.9,8.25,7.65,7.7,880196,EQ,,,
2018-10-24,7.85,8.05,7.55,8.0,170015,EQ,,,
2018-10-25,7.85,8.25,7.65,7.8,147705,EQ,,,
2018-10-26,7.7,8.15,7.7,8.05,76209,EQ,,,
2018-10-29,7.8,8.45,7.8,8.4,28068,EQ,,,
2018-10-30,8.55,8.8,8.3,8.8,121209,EQ,,,
2018-10-31,8.5,9.2,8.5,9.2,198073,EQ,,,
2018-11-01,9.6,9.6,8.85,9.1,313632,EQ,,,
2018-11-02,9.55,9.55,8.75,8.85,54225,EQ,,,
2018-11-05,8.95,8.95,8.45,8.55,251374,EQ,,,
2018-11-06,8.55,8.55,8.15,8.15,107221,EQ,,,
2018-11-07,8.2,8.3,7.8,7.9,59252,EQ,,,
2018-11-09,7.55,8.15,7.55,7.8,19867,EQ,,,
2018-11-12,8.05,8.05,7.6,7.75,9692,EQ,,,
2018-11-13,7.95,7.95,7.4,7.4,77380,EQ,,,
2018-11-14,7.4,7.4,7.05,7.2,78608,EQ,,,
2018-11-15,7.1,7.3,7.05,7.25,13046,EQ,,,
2018-11-16,7.05,7.35,7.05,7.25,6133,EQ,,,
2018-11-19,7.45,7.6,7.15,7.3,16032,EQ,,,
2018-11-20,7.1,7.45,7.1,7.25,5511,EQ,,,
2018-11-21,7.25,7.6,7.0,7.55,423375,EQ,,,
2018-11-22,7.25,7.75,7.25,7.45,44521,EQ,,,
2018-11-26,7.6,7.6,7.2,7.25,63795,EQ,,,
2018-11-27,7.2,7.5,7.2,7.2,1792,EQ,,,
2018-11-28,7.55,7.55,7.25,7.55,14532,EQ,,,
2018-11-29,7.45,7.75,7.2,7.3,51221,EQ,,,
2018-11-30,7.05,7.3,7.05,7.2,958,EQ,,,
2018-12-03,7.1,7.5,7.0,7.4,9341,EQ,,,
2018-12-04,7.7,7.7,7.1,7.1,16458,EQ,,,
2018-12-05,7.3,7.3,7.0,7.0,4780,EQ,,,
2018-12-06,7.05,7.35,7.0,7.05,108187,EQ,,,
2018-12-07,7.4,7.4,6.8,6.9,11671,EQ,,,
2018-12-10,7.0,7.0,6.4,6.7,3306,EQ,,,
2018-12-11,6.9,7.25,6.3,7.05,13950,EQ,,,
2018-12-12,7.05,7.4,6.8,6.95,16112,EQ,,,
2018-12-13,7.0,7.1,6.6,6.85,10085,EQ,,,
2018-12-14,6.85,7.0,6.8,7.0,49728,EQ,,,
2018-12-17,7.0,7.4,6.65,7.3,19423,EQ,,,
2018-12-18,7.3,7.45,7.0,7.15,15339,EQ,,,
2018-12-19,7.0,7.2,6.85,6.95,64646,EQ,,,
2018-12-20,6.65,7.0,6.65,6.8,30081,EQ,,,
2018-12-21,6.95,6.95,6.6,6.9,20898,EQ,,,
2018-12-24,6.9,7.2,6.8,6.8,9529,EQ,,,
2018-12-26,6.8,7.05,6.8,6.8,12533,EQ,,,
2018-12-27,7.1,7.1,6.5,6.6,19283,EQ,,,
2018-12-28,6.6,6.75,6.25,6.55,3554,EQ,,,
2018-12-31,7.1,7.1,6.25,6.75,61388,EQ,,,
2019-01-01,6.65,6.95,6.65,6.7,81631,EQ,,,
2019-01-02,6.9,6.9,6.65,6.65,35304,EQ,,,
2019-01-03,6.8,6.85,6.4,6.6,3801,EQ,,,
2019-01-04,6.45,6.8,6.4,6.55,15660,EQ,,,
2019-01-07,6.85,6.85,6.5,6.5,11205,EQ,,,
2019-01-08,6.2,7.05,6.2,6.8,16673,EQ,,,
2019-01-09,6.85,6.95,6.55,6.6,13691,EQ,,,
2019-01-10,6.65,6.75,6.6,6.6,13535,EQ,,,
2019-01-11,6.6,6.7,6.4,6.5,18632,EQ,,,
2019-01-14,6.5,6.95,6.4,6.75,2662,EQ,,,
2019-01-15,6.6,7.0,6.5,6.6,2710,EQ,,,
2019-01-16,6.85,6.85,6.3,6.5,42400,EQ,,,
2019-01-17,6.55,6.75,6.25,6.3,75774,EQ,,,
2019-01-18,6.3,6.45,6.1,6.2,94703,EQ,,,
2019-01-21,5.7,6.35,5.7,6.0,18465,EQ,,,
2019-01-22,6.0,6.35,5.9,6.15,115170,EQ,,,
2019-01-23,6.15,6.25,6.0,6.1,107193,EQ,,,
2019-01-24,6.25,6.25,5.8,6.1,22432,EQ,,,
2019-01-25,5.7,6.0,5.55,5.7,118371,EQ,,,
2019-01-28,5.75,5.85,5.2,5.25,68091,EQ,,,
2019-01-29,5.3,5.4,4.85,4.9,84226,EQ,,,
2019-01-30,5.2,5.35,4.7,5.35,109278,EQ,,,
2019-01-31,5.35,5.7,5.05,5.15,50437,EQ,,,
2019-02-01,5.35,5.35,5.0,5.05,31356,EQ,,,
2019-02-04,5.05,5.25,4.6,4.7,36012,EQ,,,
2019-02-05,4.75,4.9,4.6,4.85,51102,EQ,,,
2019-02-06,4.7,5.05,4.7,4.85,95907,EQ,,,
2019-02-07,4.85,5.05,4.85,5.05,14665,EQ,,,
2019-02-08,5.05,5.3,4.95,5.25,206346,EQ,,,
2019-02-11,5.05,5.5,5.05,5.45,48860,EQ,,,
2019-02-12,5.35,5.7,5.2,5.2,259665,EQ,,,
2019-02-13,5.05,5.4,5.05,5.2,93356,EQ,,,
2019-02-14,5.1,5.3,5.1,5.15,176533,EQ,,,
2019-02-15,5.25,5.4,5.0,5.2,60671,EQ,,,
2019-02-18,5.05,5.45,5.05,5.3,127640,EQ,,,
2019-02-19,5.55,5.55,5.2,5.45,99205,EQ,,,
2019-02-20,5.45,5.7,5.35,5.7,77536,EQ,,,
2019-02-21,5.55,5.95,5.55,5.9,42340,EQ,,,
2019-02-22,6.1,6.1,5.75,5.95,56845,EQ,,,
2019-02-25,6.0,6.2,5.95,6.0,63781,EQ,,,
2019-02-26,6.0,6.0,5.7,5.7,61598,EQ,,,
2019-02-27,5.65,5.95,5.45,5.9,192589,EQ,,,
2019-02-28,5.75,5.9,5.7,5.8,91657,EQ,,,
2019-03-01,5.65,6.0,5.65,5.85,30574,EQ,,,
2019-03-05,5.9,6.0,5.6,5.6,86752,EQ,,,
2019-03-06,5.6,5.6,5.4,5.4,52598,EQ,,,
2019-03-07,5.65,5.65,5.4,5.6,137995,EQ,,,
2019-03-08,5.55,5.8,5.55,5.6,189696,EQ,,,
2019-03-11,5.6,5.65,5.4,5.4,74610,EQ,,,
2019-03-12,5.25,5.65,5.25,5.45,209301,EQ,,,
2019-03-13,5.3,5.55,5.3,5.35,239374,EQ,,,
2019-03-14,5.2,5.5,5.15,5.15,31416,EQ,,,
2019-03-15,5.15,5.3,5.0,5.15,89684,EQ,,,
2019-03-18,5.35,5.35,4.9,4.95,133157,EQ,,,
2019-03-19,4.95,5.15,4.8,5.15,184069,EQ,,,
2019-03-20,5.1,5.35,4.9,4.95,263169,EQ,,,
2019-03-22,4.9,5.1,4.85,5.05,62883,EQ,,,
2019-03-25,5.05,5.05,4.8,4.95,129813,EQ,,,
2019-03-26,5.05,5.15,4.75,5.05,182098,EQ,,,
2019-03-27,5.3,5.3,4.8,4.9,210080,EQ,,,
2019-03-28,4.8,4.95,4.7,4.75,62260,EQ,,,
2019-03-29,4.85,4.95,4.55,4.85,586447,EQ,,,
2019-04-01,4.8,5.05,4.8,5.0,19132,EQ,,,
2019-04-02,4.8,5.2,4.8,4.95,28351,EQ,,,
2019-04-03,4.9,5.1,4.9,5.1,61022,EQ,,,
2019-04-04,4.9,5.15,4.85,4.9,18782,EQ,,,
2019-04-05,4.75,5.2,4.75,5.05,11117,EQ,,,
2019-04-08,5.0,5.15,4.8,4.8,142358,EQ,,,
2019-04-09,4.8,5.1,4.7,4.85,4751,EQ,,,
2019-04-10,4.85,4.95,4.6,4.7,97515,EQ,,,
2019-04-11,4.35,4.85,4.35,4.7,36860,EQ,,,
2019-04-12,4.45,4.7,4.45,4.6,30593,EQ,,,
2019-04-15,4.8,4.85,4.25,4.65,16885,EQ,,,
2019-04-16,4.65,4.75,4.45,4.5,21166,EQ,,,
2019-04-18,4.5,4.65,4.25,4.5,14197,EQ,,,
2019-04-22,4.55,4.75,4.4,4.4,5959,EQ,,,
2019-04-23,4.3,4.8,4.2,4.65,28574,EQ,,,
2019-04-24,4.8,4.8,4.4,4.45,13034,EQ,,,
2019-04-25,4.2,4.5,4.05,4.15,44628,EQ,,,
2019-04-26,4.15,4.35,4.0,4.25,42927,EQ,,,
2019-04-30,4.2,4.4,4.1,4.2,58824,EQ,,,
2019-05-02,4.0,4.25,4.0,4.15,11841,EQ,,,
2019-05-03,4.15,4.15,4.1,4.1,2641,EQ,,,
2019-05-06,3.9,4.35,3.9,4.2,2610,EQ,,,
2019-05-07,4.35,4.35,4.1,4.3,12979,EQ,,,
2019-05-08,4.05,4.35,4.05,4.2,5502,EQ,,,
2019-05-09,4.2,4.35,4.2,4.25,25684,EQ,,,
2019-05-10,4.35,4.4,4.2,4.35,2928,EQ,,,
2019-05-13,4.35,4.5,4.15,4.35,10704,EQ,,,
2019-05-14,4.05,4.25,3.95,3.95,19131,EQ,,,
2019-05-15,3.8,4.2,3.7,4.2,12279,EQ,,,
2019-05-16,3.9,4.25,3.9,4.15,7234,EQ,,,
2019-05-17,3.9,4.55,3.9,4.3,44293,EQ,,,
2019-05-20,4.25,4.3,4.0,4.1,22017,EQ,,,
2019-05-21,4.15,4.45,3.75,3.9,29677,EQ,,,
2019-05-22,3.8,4.05,3.8,4.0,22904,EQ,,,
2019-05-23,4.0,4.25,3.75,3.85,37000,EQ,,,
2019-05-24,4.15,4.15,3.65,3.8,12049,EQ,,,
2019-05-27,4.05,4.05,3.9,3.95,9431,EQ,,,
2019-05-28,4.0,4.1,3.85,3.95,27281,EQ,,,
2019-05-29,3.95,4.0,3.8,3.9,13542,EQ,,,
2019-05-30,3.85,4.0,3.75,4.0,27184,EQ,,,
2019-05-31,4.0,4.3,3.85,3.9,11898,EQ,,,
2019-06-03,3.85,3.95,3.75,3.75,8807,EQ,,,
2019-06-04,3.75,3.85,3.7,3.75,24817,EQ,,,
2019-06-06,3.7,3.8,3.7,3.75,4280,EQ,,,
2019-06-07,3.8,3.95,3.75,3.8,3570,EQ,,,
2019-06-10,3.8,3.8,3.6,3.6,13110,EQ,,,
2019-06-11,3.4,4.3,2.9,4.15,186922,EQ,,,
2019-06-12,4.3,4.3,3.65,3.85,49170,EQ,,,
2019-06-13,3.85,3.85,3.6,3.7,3739,EQ,,,
2019-06-14,3.5,4.2,3.4,3.8,7949,EQ,,,
2019-06-17,4.2,4.2,3.5,3.55,5226,EQ,,,
2019-06-18,3.5,4.15,3.1,3.8,62825,EQ,,,
2019-06-19,3.9,4.15,3.5,3.85,11471,EQ,,,
2019-06-20,3.85,4.1,3.65,3.95,6447,EQ,,,
2019-06-21,4.1,4.1,3.7,3.7,13212,EQ,,,
2019-06-24,3.85,3.85,3.5,3.55,17730,EQ,,,
2019-06-25,3.4,3.8,3.35,3.45,1808,EQ,,,
2019-06-26,3.45,4.1,3.45,4.1,194083,EQ,,,
2019-06-27,4.2,4.55,3.35,4.1,439502,EQ,,,
2019-06-28,4.0,4.1,3.8,3.9,36637,EQ,,,
2019-07-01,4.2,4.2,3.6,3.85,14114,EQ,,,
2019-07-02,4.1,4.1,3.85,3.9,4122,EQ,,,
2019-07-03,4.4,4.4,3.75,4.0,5082,EQ,,,
2019-07-04,3.95,4.15,3.6,3.85,9984,EQ,,,
2019-07-05,4.05,4.05,3.85,3.9,5292,EQ,,,
2019-07-08,3.8,4.0,3.6,3.85,7791,EQ,,,
2019-07-09,3.9,4.05,3.6,3.9,17697,EQ,,,
2019-07-10,4.1,4.1,3.7,3.9,6045,EQ,,,
2019-07-11,3.85,4.1,3.7,3.95,16661,EQ,,,
2019-07-12,3.95,4.1,3.7,4.0,8892,EQ,,,
2019-07-15,4.0,4.1,3.8,4.0,4705,EQ,,,
2019-07-16,4.1,4.1,3.35,4.0,47452,EQ,,,
2019-07-17,3.85,4.2,3.85,3.95,2783,EQ,,,
2019-07-18,3.9,4.05,3.55,3.75,19464,EQ,,,
2019-07-19,3.65,3.75,3.55,3.75,1754,EQ,,,
2019-07-22,3.75,3.9,3.55,3.6,1526,EQ,,,
2019-07-23,3.65,3.9,3.5,3.65,5878,EQ,,,
2019-07-24,3.6,3.75,3.6,3.65,3032,EQ,,,
2019-07-25,3.4,3.75,3.4,3.7,2509,EQ,,,
2019-07-26,3.6,3.7,3.5,3.65,18733,EQ,,,
2019-07-29,3.6,3.95,3.4,3.6,28077,EQ,,,
2019-07-30,3.6,3.6,3.0,3.1,12296,EQ,,,
2019-07-31,3.1,3.7,3.0,3.65,6057,EQ,,,
2019-08-01,3.4,3.8,3.15,3.6,5103,EQ,,,
2019-08-02,3.3,3.7,3.05,3.5,23491,EQ,,,
2019-08-05,3.45,3.5,3.15,3.2,10044,EQ,,,
2019-08-06,3.2,3.7,3.15,3.45,9521,EQ,,,
2019-08-07,3.35,3.4,2.9,3.0,58839,EQ,,,
2019-08-08,3.2,3.6,2.95,3.6,66871,EQ,,,
2019-08-09,4.2,4.2,3.15,3.2,47067,EQ,,,
2019-08-13,3.2,3.5,3.05,3.2,19566,EQ,,,
2019-08-14,3.2,3.35,3.2,3.3,10585,EQ,,,
2019-08-16,3.4,3.65,3.25,3.55,52306,EQ,,,
2019-08-19,3.9,3.9,3.45,3.45,1061,EQ,,,
2019-08-20,3.4,3.55,3.1,3.3,3012,EQ,,,
2019-08-21,3.3,3.3,3.0,3.0,27336,EQ,,,
2019-08-22,3.0,3.2,2.75,3.0,33840,EQ,,,
2019-08-23,2.95,3.2,2.9,3.2,2782,EQ,,,
2019-08-26,3.45,3.45,3.1,3.2,23222,EQ,,,
2019-08-27,3.3,3.3,3.0,3.0,14024,EQ,,,
2019-08-28,3.1,3.1,2.85,3.0,7349,EQ,,,
2019-08-29,3.0,3.0,2.9,2.95,8648,EQ,,,
2019-08-30,2.9,3.0,2.8,2.95,8592,EQ,,,
2019-09-03,2.9,3.15,2.8,2.85,1104,EQ,,,
2019-09-04,2.65,2.95,2.6,2.75,17522,EQ,,,
2019-09-05,2.9,3.3,2.55,3.0,19390,EQ,,,
2019-09-06,3.1,3.1,2.8,3.0,1629,EQ,,,
2019-09-09,3.15,3.15,2.85,3.0,3242,EQ,,,
2019-09-11,3.1,3.1,2.9,2.95,7813,EQ,,,
2019-09-12,3.3,3.3,3.0,3.1,15130,EQ,,,
2019-09-13,3.1,3.15,3.1,3.15,1714,EQ,,,
2019-09-16,3.2,3.2,3.1,3.2,3880,EQ,,,
2019-09-17,3.2,3.2,3.0,3.05,7253,EQ,,,
2019-09-18,3.0,3.05,2.85,3.0,2190,EQ,,,
2019-09-19,3.0,3.05,2.9,2.95,1311,EQ,,,
2019-09-20,2.95,3.1,2.9,3.05,1873,EQ,,,
2019-09-23,3.0,3.25,3.0,3.1,3808,EQ,,,
2019-09-24,3.0,3.25,3.0,3.05,5838,EQ,,,
2019-09-25,3.0,3.0,2.85,2.95,8793,EQ,,,
2019-09-26,3.05,3.05,2.85,2.9,4278,EQ,,,
2019-09-27,2.9,3.0,2.75,2.95,6812,EQ,,,
2019-09-30,3.0,3.0,2.4,2.45,115127,EQ,888.0,129.65,169183.0
2019-10-01,2.45,2.7,2.0,2.0,178904,EQ,175.0,1022.31,143440.0
2019-10-03,2.15,2.2,1.85,2.15,105898,EQ,132.0,802.26,60739.0
2019-10-04,2.2,2.3,2.0,2.15,16058,EQ,49.0,327.71,14887.0
2019-10-07,2.15,2.35,2.05,2.25,19505,EQ,38.0,513.29,17875.0
2019-10-09,2.45,2.45,2.1,2.3,36221,EQ,84.0,431.2,23706.0
2019-10-10,2.2,2.3,2.1,2.1,14219,EQ,78.0,182.29,14219.0
2019-10-11,2.05,2.2,1.9,2.0,129715,EQ,91.0,1425.44,120373.0
2019-10-14,2.2,2.2,2.0,2.15,16968,EQ,42.0,404.0,13799.0
2019-10-15,2.15,2.3,2.0,2.0,13352,EQ,60.0,222.53,6092.0
2019-10-16,2.2,2.2,1.95,2.05,18841,EQ,38.0,495.82,14573.0
2019-10-17,2.05,2.1,1.9,2.0,24492,EQ,49.0,499.84,16724.0
2019-10-18,2.1,2.1,1.95,2.0,5983,EQ,51.0,117.31,3624.0
2019-10-22,2.1,2.1,1.95,2.05,6369,EQ,28.0,227.46,2667.0
2019-10-23,1.9,2.05,1.85,1.85,52254,EQ,79.0,661.44,38282.0
2019-10-24,1.75,1.95,1.7,1.7,118921,EQ,142.0,837.47,97701.0
2019-10-25,1.7,1.75,1.65,1.75,16061,EQ,30.0,535.37,16041.0
2019-10-29,1.75,1.8,1.7,1.8,13495,EQ,24.0,562.29,12495.0
2019-10-30,1.75,1.85,1.75,1.8,14766,EQ,25.0,590.64,14338.0
2019-10-31,1.8,1.85,1.75,1.8,18032,EQ,35.0,515.2,16862.0
2019-11-01,1.8,1.85,1.75,1.85,19538,EQ,38.0,514.16,16123.0
2019-11-04,1.85,1.9,1.8,1.8,25803,EQ,58.0,444.88,16310.0
2019-11-05,1.8,1.8,1.8,1.8,2985,EQ,17.0,175.59,2041.0
2019-11-06,1.8,1.85,1.75,1.8,7242,EQ,26.0,278.54,5543.0
2019-11-07,1.85,1.85,1.8,1.85,2024,EQ,16.0,126.5,1703.0
2019-11-08,1.85,1.9,1.8,1.9,36879,EQ,42.0,878.07,26779.0
2019-11-11,1.95,1.95,1.9,1.95,9118,EQ,40.0,227.95,6392.0
2019-11-13,1.95,2.0,1.9,1.95,20422,EQ,48.0,425.46,20059.0
2019-11-14,1.95,2.0,1.9,1.95,8636,EQ,28.0,308.43,8636.0
2019-11-15,1.95,1.95,1.9,1.9,14802,EQ,22.0,672.82,14021.0
2019-11-18,1.85,1.95,1.85,1.85,4858,EQ,19.0,255.68,3633.0
2019-11-19,1.85,1.9,1.8,1.8,20827,EQ,33.0,631.12,20572.0
2019-11-20,1.8,1.85,1.8,1.85,2246,EQ,8.0,280.75,2246.0
2019-11-21,1.85,1.85,1.8,1.8,11699,EQ,23.0,508.65,11698.0
2019-11-22,1.8,1.85,1.75,1.85,7016,EQ,19.0,369.26,6871.0
2019-11-25,1.85,1.9,1.85,1.9,11800,EQ,32.0,368.75,11225.0
2019-11-26,1.95,1.95,1.85,1.95,7047,EQ,14.0,503.36,6547.0
2019-11-27,1.95,2.0,1.9,2.0,4397,EQ,27.0,162.85,3528.0
2019-11-28,2.0,2.1,1.95,2.0,14268,EQ,41.0,348.0,12256.0
2019-11-29,2.0,2.05,1.9,1.95,26957,EQ,30.0,898.57,22608.0
2019-12-02,1.9,2.0,1.9,2.0,10209,EQ,17.0,600.53,6356.0
2019-12-03,1.9,2.1,1.9,1.9,43014,EQ,37.0,1162.54,31576.0
2019-12-04,1.9,1.95,1.85,1.85,37528,EQ,30.0,1250.93,11118.0
2019-12-05,1.85,1.9,1.8,1.8,48471,EQ,52.0,932.13,37138.0
2019-12-06,1.85,1.95,1.65,1.75,49091,EQ,65.0,755.25,29304.0
2019-12-09,1.85,1.85,1.7,1.85,15013,EQ,39.0,384.95,13003.0
2019-12-10,1.8,1.9,1.75,1.9,9992,EQ,34.0,293.88,9043.0
2019-12-11,1.9,1.95,1.75,1.8,11665,EQ,40.0,291.62,7052.0
2019-12-12,1.8,1.85,1.7,1.85,8242,EQ,24.0,343.42,6239.0
2019-12-13,1.8,1.9,1.7,1.85,10110,EQ,30.0,337.0,7555.0
2019-12-16,1.7,1.9,1.7,1.75,9607,EQ,36.0,266.86,6662.0
2019-12-17,1.75,1.85,1.75,1.85,13191,EQ,20.0,659.55,12598.0
2019-12-18,1.85,1.85,1.7,1.8,68978,EQ,64.0,1077.78,62291.0
2019-12-19,1.8,1.95,1.8,1.8,68790,EQ,49.0,1403.88,62597.0
2019-12-20,1.8,1.9,1.8,1.9,3945,EQ,20.0,197.25,2864.0
2019-12-23,1.9,1.95,1.8,1.85,6340,EQ,22.0,288.18,4355.0
2019-12-24,1.8,2.0,1.75,1.95,26266,EQ,40.0,656.65,17693.0
2019-12-26,1.95,2.1,1.85,2.0,65267,EQ,36.0,1812.97,63858.0
2019-12-27,2.15,2.15,1.8,2.0,12050,EQ,34.0,354.41,8614.0
2019-12-30,1.95,2.0,1.85,1.95,7530,EQ,95.0,79.26,7314.0
2019-12-31,1.95,2.1,1.95,1.95,9335,EQ,26.0,359.04,8322.0
2020-01-01,1.8,2.1,1.8,1.95,3879,EQ,16.0,242.44,3769.0
2020-01-02,2.0,2.1,1.9,2.1,46434,EQ,39.0,1190.62,41896.0
2020-01-03,2.1,2.3,2.1,2.3,33331,EQ,57.0,584.75,27808.0
2020-01-06,2.4,2.5,2.15,2.25,35117,EQ,74.0,474.55,22426.0
2020-01-07,2.25,2.25,2.15,2.2,8567,EQ,31.0,276.35,7957.0
2020-01-08,2.05,2.25,2.0,2.05,35883,EQ,51.0,703.59,31846.0
2020-01-09,2.1,2.25,2.05,2.25,52537,EQ,66.0,796.02,48123.0
2020-01-10,2.45,2.45,2.2,2.3,27905,EQ,63.0,442.94,18854.0
2020-01-13,2.35,2.45,2.3,2.4,13395,EQ,48.0,279.06,13092.0
2020-01-14,2.4,2.5,2.4,2.5,28891,EQ,105.0,275.15,19116.0
2020-01-15,2.5,2.6,2.45,2.55,13402,EQ,41.0,326.88,11529.0
2020-01-16,2.6,2.65,2.5,2.55,23189,EQ,42.0,552.12,15252.0
2020-01-17,2.6,2.65,2.45,2.45,29339,EQ,60.0,488.98,17814.0
2020-01-20,2.4,2.55,2.4,2.45,14206,EQ,38.0,373.84,11606.0
2020-01-21,2.45,2.5,2.35,2.35,19609,EQ,35.0,560.26,13906.0
2020-01-22,2.3,2.4,2.3,2.35,4306,EQ,20.0,215.3,2798.0
2020-01-23,2.45,2.45,2.35,2.35,2367,EQ,16.0,147.94,1811.0
2020-01-24,2.45,2.45,2.3,2.45,19277,EQ,36.0,535.47,16127.0
2020-01-27,2.45,2.45,2.35,2.35,11802,EQ,22.0,536.45,9079.0
2020-01-28,2.25,2.4,2.25,2.35,6384,EQ,26.0,245.54,5223.0
2020-01-29,2.3,2.45,2.3,2.45,5502,EQ,18.0,305.67,5502.0
2020-01-30,2.4,2.5,2.35,2.35,14004,EQ,19.0,737.05,12596.0
2020-01-31,2.35,2.35,2.25,2.3,8848,EQ,17.0,520.47,7689.0
2020-02-03,2.25,2.25,2.2,2.2,3640,EQ,15.0,242.67,3640.0
2020-02-04,2.3,2.3,2.1,2.2,11888,EQ,32.0,371.5,8779.0
2020-02-05,2.2,2.3,2.1,2.2,8074,EQ,29.0,278.41,6192.0
2020-02-06,2.2,2.25,2.1,2.1,6067,EQ,26.0,233.35,4396.0
2020-02-07,2.15,2.2,2.1,2.1,3102,EQ,27.0,114.89,3077.0
2020-02-10,2.15,2.2,2.05,2.05,12020,EQ,567.0,21.2,8967.0
2020-02-11,2.05,2.15,1.95,2.0,7991,EQ,29.0,275.55,7425.0
2020-02-12,2.1,2.1,2.0,2.0,5867,EQ,45.0,130.38,4772.0
2020-02-13,2.1,2.1,1.95,2.05,7943,EQ,35.0,226.94,6565.0
2020-02-14,1.95,2.15,1.95,1.95,23612,EQ,41.0,575.9,20428.0
2020-02-17,1.9,2.0,1.9,2.0,13814,EQ,27.0,511.63,13397.0
2020-02-18,2.0,2.0,1.9,1.9,4133,EQ,15.0,275.53,4133.0
2020-02-19,1.95,1.95,1.85,1.9,1464,EQ,20.0,73.2,1463.0
2020-02-20,1.9,1.95,1.85,1.9,8271,EQ,36.0,229.75,8170.0
2020-02-24,1.9,1.95,1.9,1.95,18343,EQ,38.0,482.71,16801.0
2020-02-25,1.95,1.95,1.9,1.9,4671,EQ,16.0,291.94,3320.0
2020-02-26,1.85,1.95,1.85,1.85,5204,EQ,27.0,192.74,5104.0
2020-02-27,1.85,1.9,1.85,1.9,13635,EQ,28.0,486.96,12423.0
2020-02-28,1.95,1.95,1.85,1.85,2179,EQ,21.0,103.76,1916.0
2020-03-02,1.9,1.9,1.8,1.85,3724,EQ,15.0,248.27,3474.0
2020-03-03,1.8,1.85,1.8,1.85,721,EQ,8.0,90.12,614.0
2020-03-04,1.85,1.85,1.8,1.8,247,EQ,12.0,20.58,247.0
2020-03-05,1.8,1.8,1.75,1.75,962,EQ,5.0,192.4,962.0
2020-03-06,1.75,1.8,1.7,1.7,12174,EQ,31.0,392.71,11674.0
2020-03-09,1.65,1.7,1.65,1.65,1015,EQ,18.0,56.39,730.0
2020-03-11,1.65,1.7,1.6,1.7,3486,EQ,31.0,112.45,2031.0
2020-03-12,1.7,1.7,1.65,1.65,1345,EQ,21.0,64.05,1345.0
2020-03-13,1.65,1.65,1.6,1.6,6386,EQ,24.0,266.08,6347.0
2020-03-16,1.65,1.65,1.55,1.55,5610,EQ,44.0,127.5,5610.0
2020-03-17,1.5,1.5,1.5,1.5,2569,EQ,20.0,128.45,2569.0
2020-03-18,1.5,1.5,1.45,1.45,6302,EQ,13.0,484.77,6302.0
2020-03-19,1.45,1.45,1.4,1.4,1104,EQ,16.0,69.0,1104.0
2020-03-20,1.4,1.45,1.35,1.35,9336,EQ,24.0,389.0,8330.0
2020-03-23,1.35,1.35,1.3,1.3,2362,EQ,16.0,147.62,2362.0
2020-03-24,1.25,1.3,1.25,1.25,4099,EQ,20.0,204.95,4099.0
2020-03-25,1.2,1.2,1.2,1.2,72563,EQ,23.0,3154.91,72563.0
2020-03-26,1.15,1.2,1.15,1.2,26656,EQ,41.0,650.15,26656.0
2020-03-27,1.15,1.25,1.15,1.25,48747,EQ,28.0,1740.96,46746.0
2020-03-30,1.25,1.3,1.2,1.3,2482,EQ,21.0,118.19,2463.0
2020-03-31,1.3,1.3,1.25,1.25,1094,EQ,23.0,47.57,989.0
2020-04-01,1.2,1.25,1.2,1.2,18055,EQ,73.0,247.33,18055.0
2020-04-03,1.2,1.25,1.15,1.15,23697,EQ,51.0,464.65,20686.0
2020-04-07,1.2,1.2,1.1,1.15,16925,EQ,68.0,248.9,10143.0
2020-04-08,1.1,1.2,1.1,1.2,32128,EQ,48.0,669.33,20534.0
2020-04-09,1.2,1.25,1.2,1.25,1320,EQ,8.0,165.0,1320.0
2020-04-13,1.2,1.3,1.2,1.25,20377,EQ,,,
2020-04-15,1.25,1.3,1.2,1.25,26420,EQ,84.0,314.52,25165.0
2020-04-16,1.25,1.3,1.2,1.25,21561,EQ,69.0,312.48,11857.0
2020-04-17,1.3,1.3,1.2,1.2,29861,EQ,76.0,392.91,21613.0
2020-04-20,1.25,1.25,1.15,1.25,47799,EQ,70.0,682.84,39730.0
2020-04-21,1.25,1.3,1.2,1.3,16373,EQ,53.0,308.92,13663.0
2020-04-22,1.35,1.35,1.35,1.35,5347,EQ,21.0,254.62,5347.0
2020-04-23,1.35,1.4,1.35,1.4,8641,EQ,33.0,261.85,8541.0
2020-04-24,1.4,1.4,1.35,1.35,6190,EQ,15.0,412.67,6190.0
2020-04-27,1.35,1.4,1.3,1.4,4380,EQ,25.0,175.2,3810.0
2020-04-28,1.45,1.45,1.35,1.4,4050,EQ,36.0,112.5,3753.0
2020-04-29,1.45,1.45,1.35,1.35,22997,EQ,53.0,433.91,21964.0
2020-04-30,1.4,1.4,1.35,1.4,42545,EQ,69.0,616.59,42205.0
2020-05-04,1.4,1.4,1.35,1.4,40119,EQ,52.0,771.52,36119.0
2020-05-05,1.4,1.45,1.35,1.45,18512,EQ,43.0,430.51,11203.0
2020-05-06,1.5,1.5,1.4,1.45,16259,EQ,50.0,325.18,13958.0
2020-05-07,1.4,1.5,1.4,1.4,22481,EQ,47.0,478.32,15744.0
2020-05-08,1.35,1.45,1.35,1.4,37135,EQ,55.0,675.18,27907.0
2020-05-11,1.35,1.45,1.35,1.4,25788,EQ,23.0,1121.22,19118.0
2020-05-12,1.35,1.35,1.35,1.35,5137,EQ,20.0,256.85,4338.0
2020-05-13,1.3,1.4,1.3,1.4,21677,EQ,38.0,570.45,18675.0
2020-05-14,1.4,1.45,1.35,1.45,34173,EQ,42.0,813.64,27390.0
2020-05-15,1.5,1.5,1.4,1.45,17803,EQ,43.0,414.02,12080.0
2020-05-18,1.5,1.5,1.4,1.45,19131,EQ,45.0,425.13,14753.0
2020-05-19,1.4,1.45,1.4,1.45,6578,EQ,32.0,205.56,5016.0
2020-05-20,1.45,1.5,1.4,1.45,36174,EQ,49.0,738.24,29961.0
2020-05-21,1.5,1.5,1.5,1.5,7297,EQ,22.0,331.68,7297.0
2020-05-22,1.55,1.55,1.55,1.55,10589,EQ,10.0,1058.9,10589.0
2020-05-26,1.6,1.6,1.6,1.6,5894,EQ,14.0,421.0,5894.0
2020-05-27,1.65,1.65,1.65,1.65,4469,EQ,10.0,446.9,4469.0
2020-05-28,1.7,1.7,1.7,1.7,5693,EQ,13.0,437.92,5693.0
2020-05-29,1.75,1.75,1.75,1.75,12821,EQ,23.0,557.43,12821.0
2020-06-01,1.75,1.8,1.75,1.75,18665,EQ,25.0,746.6,18640.0
2020-06-02,1.75,1.8,1.75,1.8,2657,EQ,22.0,120.77,1626.0
2020-06-03,1.8,1.85,1.8,1.85,3944,EQ,14.0,281.71,3944.0
2020-06-04,1.9,1.9,1.9,1.9,4112,EQ,9.0,456.89,4112.0
2020-06-05,1.95,1.95,1.95,1.95,1500,EQ,7.0,214.29,1500.0
2020-06-08,2.0,2.0,2.0,2.0,29881,EQ,47.0,635.77,29881.0
2020-06-09,2.1,2.1,2.1,2.1,27138,EQ,29.0,935.79,26903.0
2020-06-10,2.2,2.2,2.2,2.2,15657,EQ,32.0,489.28,15656.0
2020-06-11,2.3,2.3,2.3,2.3,9644,EQ,19.0,507.58,9644.0
2020-06-12,2.4,2.4,2.2,2.4,87920,EQ,138.0,637.1,76110.0
2020-06-15,2.45,2.5,2.3,2.45,68079,EQ,130.0,523.68,53461.0
2020-06-16,2.55,2.55,2.5,2.55,13426,EQ,44.0,305.14,13426.0
2020-06-17,2.55,2.65,2.55,2.65,28673,EQ,53.0,541.0,28653.0
2020-06-18,2.75,2.75,2.75,2.75,25388,BE,47.0,540.17,25388.0
2020-06-19,2.85,2.85,2.85,2.85,25218,BE,31.0,813.48,25218.0
2020-06-22,2.95,2.95,2.95,2.95,22621,BE,20.0,1131.05,22621.0
2020-06-23,3.05,3.05,3.05,3.05,24187,BE,24.0,1007.79,24187.0
2020-06-24,3.2,3.2,3.2,3.2,36902,BE,18.0,2050.11,36902.0
2020-06-25,3.2,3.35,3.2,3.35,27365,BE,36.0,760.14,27365.0
2020-06-26,3.5,3.5,3.5,3.5,20874,BE,19.0,1098.63,20874.0
2020-06-29,3.65,3.65,3.5,3.65,102333,BE,144.0,710.65,102333.0
2020-06-30,3.8,3.8,3.8,3.8,44550,BE,66.0,675.0,44550.0
2020-07-01,3.95,3.95,3.8,3.95,54434,BE,115.0,473.34,54434.0
2020-07-02,4.05,4.1,3.8,3.95,94327,BE,166.0,568.23,94327.0
2020-07-03,4.1,4.1,3.8,3.8,66810,BE,160.0,417.56,66810.0
2020-07-06,3.8,3.8,3.65,3.65,33159,BE,39.0,850.23,33159.0
2020-07-07,3.5,3.5,3.5,3.5,20685,BE,35.0,591.0,20685.0
2020-07-08,3.35,3.35,3.35,3.35,17531,BE,32.0,547.84,17531.0
2020-07-09,3.2,3.2,3.2,3.2,28582,BE,31.0,922.0,28582.0
2020-07-10,3.05,3.05,3.05,3.05,38161,BE,50.0,763.22,38161.0
2020-07-13,2.9,2.9,2.9,2.9,22566,BE,47.0,480.13,22566.0
2020-07-14,2.8,2.8,2.8,2.8,21680,BE,33.0,656.97,21680.0
2020-07-15,2.8,2.8,2.7,2.7,32264,BE,45.0,716.98,32264.0
2020-07-16,2.6,2.6,2.6,2.6,24035,BE,30.0,801.17,24035.0
2020-07-17,2.6,2.7,2.55,2.6,21135,BE,50.0,422.7,21135.0
2020-07-20,2.6,2.7,2.5,2.5,24684,BE,54.0,457.11,24684.0
2020-07-21,2.6,2.6,2.55,2.6,25315,BE,35.0,723.29,25315.0
2020-07-22,2.6,2.7,2.5,2.7,15111,BE,29.0,521.07,15111.0
2020-07-23,2.7,2.8,2.6,2.65,34000,BE,44.0,772.73,34000.0
2020-07-24,2.75,2.75,2.65,2.75,17466,BE,30.0,582.2,17466.0
2020-07-27,2.75,2.85,2.65,2.85,15425,BE,51.0,302.45,15425.0
2020-07-28,2.85,2.95,2.75,2.85,25372,BE,38.0,667.68,25372.0
2020-07-29,2.75,2.95,2.75,2.85,15753,BE,33.0,477.36,15753.0
2020-07-30,2.85,2.9,2.85,2.85,23660,BE,37.0,639.46,23660.0
2020-07-31,2.85,2.95,2.8,2.9,20028,BE,32.0,625.88,20028.0
2020-08-03,2.95,3.0,2.8,2.9,21883,BE,48.0,455.9,21883.0
2020-08-04,2.9,2.95,2.8,2.8,8232,BE,25.0,329.28,8232.0
2020-08-05,2.8,2.9,2.75,2.9,15481,BE,37.0,418.41,15481.0
2020-08-06,2.9,2.9,2.8,2.8,11426,BE,37.0,308.81,11426.0
2020-08-07,2.8,2.85,2.75,2.85,10155,BE,28.0,362.68,10155.0
2020-08-10,2.85,2.9,2.75,2.85,15768,BE,36.0,438.0,15768.0
2020-08-11,2.85,2.95,2.75,2.9,16271,BE,49.0,332.06,16271.0
2020-08-12,2.8,3.0,2.8,2.95,30555,BE,70.0,436.5,30555.0
2020-08-13,2.85,3.0,2.85,2.9,13772,BE,42.0,327.9,13772.0
2020-08-14,2.8,3.0,2.8,2.9,38964,BE,54.0,721.56,38964.0
2020-08-17,3.0,3.0,2.8,2.95,24631,BE,43.0,572.81,24631.0
2020-08-18,2.95,2.95,2.85,2.85,26402,EQ,26.0,1015.46,26402.0
2020-08-19,2.85,2.95,2.75,2.9,21203,EQ,56.0,378.62,16648.0
2020-08-20,2.9,2.95,2.8,2.85,23839,EQ,55.0,433.44,18467.0
2020-08-21,2.85,2.9,2.8,2.85,16909,EQ,62.0,272.73,12543.0
2020-08-24,2.8,2.85,2.75,2.85,5528,EQ,34.0,162.59,4546.0
2020-08-25,2.9,2.9,2.75,2.8,36324,EQ,57.0,637.26,15513.0
2020-08-26,2.9,2.9,2.7,2.7,40612,EQ,50.0,812.24,22506.0
2020-08-27,2.7,2.8,2.6,2.6,14580,EQ,47.0,310.21,14580.0
2020-08-28,2.7,2.7,2.6,2.7,20370,EQ,49.0,415.71,18591.0
2020-08-31,2.7,2.8,2.65,2.8,83327,EQ,84.0,991.99,77163.0
2020-09-01,2.8,2.85,2.7,2.85,28809,EQ,50.0,576.18,25199.0
2020-09-02,2.95,2.95,2.75,2.75,8453,EQ,35.0,241.51,6837.0
2020-09-03,2.85,2.85,2.65,2.65,111049,EQ,60.0,1850.82,99453.0
2020-09-04,2.75,2.75,2.55,2.75,76578,EQ,68.0,1126.15,54278.0
2020-09-07,2.75,2.85,2.65,2.65,8115,EQ,80.0,101.44,6322.0
2020-09-08,2.65,2.7,2.6,2.65,8741,EQ,39.0,224.13,8091.0
2020-09-09,2.6,2.75,2.6,2.75,48183,EQ,41.0,1175.2,22488.0
2020-09-10,2.85,2.85,2.85,2.85,27451,EQ,51.0,538.25,27301.0
2020-09-11,2.85,2.95,2.85,2.95,40663,EQ,45.0,903.62,40228.0
2020-09-14,3.05,3.05,3.05,3.05,11754,EQ,27.0,435.33,11754.0
2020-09-15,3.1,3.2,3.1,3.2,13090,EQ,36.0,363.61,13045.0
2020-09-16,3.2,3.35,3.2,3.35,8964,EQ,26.0,344.77,8954.0
2020-09-17,3.5,3.5,3.5,3.5,4728,EQ,12.0,394.0,4728.0
2020-09-18,3.65,3.65,3.65,3.65,12552,EQ,17.0,738.35,12552.0
2020-09-21,3.8,3.8,3.5,3.6,100173,EQ,174.0,575.71,76122.0
2020-09-22,3.75,3.75,3.45,3.45,23924,EQ,52.0,460.08,23924.0
2020-09-23,3.3,3.3,3.3,3.3,14483,EQ,38.0,381.13,14483.0
2020-09-24,3.3,3.3,3.15,3.15,109,BE,2.0,54.5,109.0
2020-09-25,3.0,3.0,3.0,3.0,892,BE,13.0,68.62,892.0
2020-09-28,3.0,3.15,2.85,3.1,13101,BE,,,
2020-09-29,3.1,3.1,3.0,3.0,1352,BE,11.0,122.91,1352.0
2020-09-30,2.85,3.1,2.85,3.0,6065,BE,29.0,209.14,6065.0
2020-10-01,3.0,3.1,2.85,3.1,11039,BE,28.0,394.25,11039.0
2020-10-05,3.1,3.1,3.0,3.0,3197,BE,12.0,266.42,3197.0
2020-10-06,3.0,3.0,2.85,2.85,3859,BE,13.0,296.85,3859.0
2020-10-07,2.95,2.95,2.75,2.9,14724,BE,28.0,525.86,14724.0
2020-10-08,3.0,3.0,2.8,2.85,6359,BE,23.0,276.48,6359.0
2020-10-09,2.75,2.9,2.75,2.85,8255,BE,15.0,550.33,8255.0
2020-10-12,2.85,2.85,2.75,2.85,9260,BE,13.0,712.31,9260.0
2020-10-13,2.85,2.85,2.75,2.85,187,BE,9.0,20.78,187.0
2020-10-14,2.95,2.95,2.75,2.85,3103,BE,14.0,221.64,3103.0
2020-10-15,2.75,2.85,2.75,2.75,2734,BE,15.0,182.27,2734.0
2020-10-16,2.75,2.75,2.75,2.75,303,BE,5.0,60.6,303.0
2020-10-19,2.75,2.85,2.65,2.65,640,BE,14.0,45.71,640.0
2020-10-20,2.65,2.75,2.55,2.75,5338,BE,29.0,184.07,5338.0
2020-10-21,2.85,2.85,2.65,2.7,2146,BE,11.0,195.09,2146.0
2020-10-22,2.6,2.8,2.6,2.7,1985,BE,13.0,152.69,1985.0
2020-10-23,2.8,2.8,2.6,2.65,9640,BE,32.0,301.25,9640.0
2020-10-26,2.75,2.75,2.55,2.7,2477,BE,18.0,137.61,2477.0
2020-10-27,2.7,2.8,2.7,2.8,12218,BE,18.0,678.78,12218.0
2020-10-28,2.9,2.9,2.9,2.9,18570,BE,13.0,1428.46,18570.0
2020-10-29,3.0,3.0,3.0,3.0,22740,BE,38.0,598.42,22740.0
2020-10-30,3.0,3.15,3.0,3.15,21071,BE,39.0,540.28,21071.0
2020-11-02,3.25,3.3,3.15,3.3,11205,BE,31.0,361.45,11205.0
2020-11-03,3.45,3.45,3.45,3.45,22449,BE,15.0,1496.6,22449.0
2020-11-04,3.6,3.6,3.45,3.6,67302,BE,73.0,921.95,67302.0
2020-11-05,3.7,3.7,3.45,3.55,38241,BE,52.0,735.4,38241.0
2020-11-06,3.5,3.5,3.4,3.4,5042,BE,19.0,265.37,5042.0
2020-11-09,3.4,3.4,3.25,3.25,6658,BE,21.0,317.05,6658.0
2020-11-10,3.3,3.3,3.1,3.1,26368,EQ,27.0,976.59,26367.0
2020-11-11,3.25,3.25,2.95,2.95,9957,EQ,26.0,382.96,8932.0
2020-11-12,2.85,3.05,2.85,2.95,30471,EQ,68.0,448.1,20564.0
2020-11-13,2.9,3.05,2.9,3.05,12293,EQ,42.0,292.69,7663.0
2020-11-17,3.0,3.1,2.95,3.0,19919,EQ,43.0,463.23,19219.0
2020-11-18,3.05,3.15,2.85,2.95,35880,EQ,60.0,598.0,29046.0
2020-11-19,2.95,3.05,2.9,2.95,5554,EQ,50.0,111.08,5184.0
2020-11-20,2.95,3.05,2.85,2.9,18016,EQ,65.0,277.17,14885.0
2020-11-23,2.95,3.0,2.95,3.0,23856,EQ,55.0,433.75,21556.0
2020-11-24,3.1,3.15,2.85,3.15,54997,EQ,102.0,539.19,36973.0
2020-11-25,3.25,3.3,3.1,3.3,237070,EQ,367.0,645.97,203847.0
2020-11-26,3.4,3.45,3.35,3.45,92588,EQ,203.0,456.1,80775.0
2020-11-27,3.55,3.6,3.3,3.3,41799,EQ,157.0,266.24,32418.0
2020-12-01,3.3,3.3,3.15,3.15,33913,EQ,33.0,1027.67,33913.0
2020-12-02,3.0,3.3,3.0,3.1,31703,EQ,83.0,381.96,27067.0
2020-12-03,3.15,3.15,3.0,3.05,18029,EQ,58.0,310.84,15694.0
2020-12-04,3.2,3.2,3.05,3.2,32258,EQ,109.0,295.94,21205.0
2020-12-07,3.35,3.35,3.15,3.3,79609,EQ,99.0,804.13,75522.0
2020-12-08,3.3,3.45,3.15,3.2,58178,EQ,166.0,350.47,48849.0
2020-12-09,3.25,3.35,3.1,3.3,112427,EQ,107.0,1050.72,90799.0
2020-12-10,3.3,3.3,3.15,3.15,61625,EQ,104.0,592.55,56427.0
2020-12-11,3.0,3.25,3.0,3.1,41614,EQ,96.0,433.48,30792.0
2020-12-14,3.1,3.25,3.1,3.2,43050,EQ,80.0,538.12,42549.0
2020-12-15,3.25,3.25,3.1,3.15,32224,EQ,92.0,350.26,31943.0
2020-12-16,3.2,3.25,3.05,3.2,28619,EQ,68.0,420.87,27941.0
2020-12-17,3.3,3.3,3.1,3.15,18080,EQ,70.0,258.29,12460.0
2020-12-18,3.2,3.2,3.05,3.15,32954,EQ,67.0,491.85,30042.0
2020-12-21,3.0,3.2,3.0,3.0,59985,EQ,82.0,731.52,38194.0
2020-12-22,2.9,3.15,2.85,3.15,18203,EQ,62.0,293.6,15465.0
2020-12-23,3.15,3.2,3.0,3.1,33345,EQ,93.0,358.55,32937.0
2020-12-24,3.15,3.25,3.05,3.2,64161,EQ,80.0,802.01,61605.0
2020-12-28,3.1,3.2,3.1,3.15,15692,EQ,51.0,307.69,15087.0
2020-12-29,3.2,3.25,3.05,3.2,28033,EQ,105.0,266.98,27078.0
2020-12-30,3.25,3.25,3.1,3.2,18966,EQ,41.0,462.59,17684.0
2020-12-31,3.2,3.3,3.05,3.25,73497,EQ,230.0,319.55,55294.0
2021-01-01,3.35,3.35,3.1,3.15,58780,EQ,105.0,559.81,38661.0
2021-01-04,3.2,3.3,3.15,3.2,44533,EQ,144.0,309.26,41585.0
2021-01-05,3.25,3.35,3.15,3.35,112656,EQ,123.0,915.9,97473.0
2021-01-06,3.35,3.5,3.2,3.4,103450,EQ,121.0,854.96,79969.0
2021-01-07,3.4,3.5,3.3,3.5,44395,EQ,92.0,482.55,38007.0
2021-01-08,3.6,3.6,3.35,3.35,52387,EQ,103.0,508.61,48431.0
2021-01-11,3.45,3.45,3.2,3.3,33933,EQ,88.0,385.6,28787.0
2021-01-12,3.3,3.4,3.2,3.25,29543,EQ,80.0,369.29,25889.0
2021-01-13,3.4,3.4,3.15,3.15,58305,EQ,127.0,459.09,40156.0
2021-01-14,3.25,3.25,3.1,3.2,15661,EQ,91.0,172.1,14623.0
2021-01-15,3.3,3.3,3.1,3.15,16091,EQ,73.0,220.42,14706.0
2021-01-18,3.25,3.25,3.05,3.15,49368,EQ,97.0,508.95,38070.0
2021-01-19,3.15,3.2,3.1,3.15,22924,EQ,58.0,395.24,19845.0
2021-01-20,3.3,3.3,3.1,3.15,15337,EQ,37.0,414.51,13966.0
2021-01-21,3.1,3.2,3.05,3.05,40565,EQ,272.0,149.14,38264.0
2021-01-22,3.2,3.2,2.9,2.95,68050,EQ,119.0,571.85,39052.0
2021-01-25,3.05,3.05,2.9,2.9,63046,EQ,79.0,798.05,42560.0
2021-01-27,3.0,3.0,2.85,2.9,39321,EQ,76.0,517.38,36773.0
2021-01-28,2.95,2.95,2.85,2.9,12623,EQ,61.0,206.93,7735.0
2021-01-29,2.9,3.0,2.9,2.95,6457,EQ,34.0,189.91,6398.0
2021-02-01,2.95,3.05,2.9,3.0,11772,EQ,65.0,181.11,10306.0
2021-02-02,3.15,3.15,2.85,2.85,99690,EQ,140.0,712.07,74869.0
2021-02-03,2.9,2.9,2.75,2.75,84332,EQ,118.0,714.68,71517.0
2021-02-04,2.85,2.85,2.65,2.85,51740,EQ,162.0,319.38,36573.0
2021-02-05,2.95,2.95,2.75,2.85,51681,EQ,79.0,654.19,38101.0
2021-02-08,2.8,2.85,2.75,2.75,24891,EQ,89.0,279.67,20891.0
2021-02-09,2.7,2.8,2.7,2.7,20100,EQ,88.0,228.41,14597.0
2021-02-10,2.75,2.8,2.7,2.8,25956,EQ,78.0,332.77,20910.0
2021-02-11,2.9,2.9,2.75,2.9,41878,EQ,90.0,465.31,27224.0
2021-02-12,2.95,2.95,2.8,2.85,31991,EQ,94.0,340.33,24095.0
2021-02-15,2.9,2.9,2.75,2.75,38266,EQ,94.0,407.09,17304.0
2021-02-16,2.85,2.85,2.65,2.7,74345,EQ,85.0,874.65,63129.0
2021-02-17,2.8,2.8,2.6,2.7,116644,EQ,130.0,897.26,85687.0
2021-02-18,2.8,2.8,2.6,2.7,67772,EQ,159.0,426.24,52672.0
2021-02-19,2.8,2.8,2.6,2.6,133057,EQ,116.0,1147.04,118203.0
2021-02-22,2.5,2.65,2.5,2.5,78478,EQ,149.0,526.7,59153.0
2021-02-23,2.55,2.6,2.45,2.6,28954,EQ,78.0,371.21,16914.0
2021-02-24,2.7,2.7,2.5,2.55,103779,EQ,60.0,1729.65,84765.0
2021-02-25,2.6,2.65,2.45,2.5,226906,EQ,177.0,1281.95,180226.0
2021-02-26,2.5,2.6,2.4,2.4,229117,EQ,160.0,1431.98,163611.0
2021-03-01,2.45,2.5,2.35,2.45,101270,EQ,129.0,785.04,98138.0
2021-03-02,2.5,2.55,2.35,2.45,55889,EQ,84.0,665.35,38655.0
2021-03-03,2.5,2.5,2.4,2.45,35161,EQ,77.0,456.64,31697.0
2021-03-04,2.5,2.55,2.35,2.45,38770,EQ,131.0,295.95,28188.0
2021-03-05,2.5,2.5,2.4,2.45,68682,EQ,86.0,798.63,51346.0
2021-03-08,2.5,2.5,2.35,2.35,118886,EQ,107.0,1111.08,99069.0
2021-03-09,2.3,2.45,2.25,2.4,112319,EQ,79.0,1421.76,83118.0
2021-03-10,2.5,2.5,2.3,2.35,64072,EQ,56.0,1144.14,53579.0
2021-03-12,2.35,2.35,2.25,2.3,126076,EQ,129.0,977.33,83677.0
2021-03-15,2.35,2.35,2.2,2.2,60239,EQ,111.0,542.69,34294.0
2021-03-16,2.25,2.3,2.1,2.3,111125,EQ,120.0,926.04,57442.0
2021-03-17,2.35,2.35,2.25,2.25,29822,EQ,74.0,403.0,18024.0
2021-03-18,2.35,2.35,2.2,2.25,35704,EQ,100.0,357.04,25817.0
2021-03-19,2.2,2.3,2.15,2.15,301021,EQ,222.0,1355.95,276299.0
2021-03-22,2.15,2.25,2.05,2.05,197144,EQ,153.0,1288.52,131241.0
2021-03-23,2.05,2.1,1.95,2.0,242491,EQ,138.0,1757.18,193460.0
2021-03-24,1.9,2.05,1.9,2.05,13399,EQ,65.0,206.14,6426.0
2021-03-25,2.1,2.1,1.95,2.0,235816,EQ,165.0,1429.19,220058.0
2021-03-26,2.05,2.05,1.9,2.05,37041,EQ,73.0,507.41,21006.0
2021-03-30,2.05,2.1,1.95,2.0,95838,EQ,96.0,998.31,52434.0
2021-03-31,2.0,2.0,1.9,1.9,34840,EQ,87.0,400.46,22230.0
2021-04-01,1.95,1.95,1.9,1.95,59330,EQ,74.0,801.76,54228.0
2021-04-05,1.95,2.0,1.9,1.95,31726,EQ,73.0,434.6,26453.0
2021-04-06,2.0,2.0,1.9,2.0,23237,EQ,61.0,380.93,18029.0
2021-04-07,2.05,2.05,1.95,1.95,46676,EQ,169.0,276.19,46530.0
2021-04-08,2.1,2.1,1.9,2.1,125760,EQ,157.0,801.02,63542.0
2021-04-09,2.1,2.3,2.05,2.25,77600,EQ,188.0,412.77,67444.0
2021-04-12,2.3,2.45,2.1,2.2,309993,EQ,495.0,626.25,288506.0
2021-04-13,2.2,2.4,2.15,2.25,331863,EQ,393.0,844.44,209920.0
2021-04-15,2.4,2.45,2.25,2.3,57072,EQ,181.0,315.31,44159.0
2021-04-16,2.45,2.45,2.2,2.4,89645,EQ,157.0,570.99,70061.0
2021-04-19,2.45,2.45,2.25,2.3,122416,EQ,198.0,618.26,72769.0
2021-04-20,2.4,2.4,2.3,2.35,60325,EQ,120.0,502.71,47890.0
2021-04-22,2.4,2.4,2.3,2.3,35476,EQ,116.0,305.83,33378.0
2021-04-23,2.4,2.4,2.25,2.3,57387,EQ,163.0,352.07,49003.0
2021-04-26,2.45,2.45,2.25,2.3,33126,EQ,109.0,303.91,32158.0
2021-04-27,2.3,2.35,2.25,2.3,30605,EQ,105.0,291.48,12480.0
2021-04-28,2.3,2.45,2.25,2.25,245078,EQ,118.0,2076.93,192274.0
2021-04-29,2.35,2.35,2.1,2.25,114175,EQ,118.0,967.58,92766.0
2021-04-30,2.25,2.3,2.1,2.15,96456,EQ,118.0,817.42,78791.0
2021-05-03,2.25,2.25,2.15,2.25,78484,EQ,208.0,377.33,63580.0
2021-05-04,2.25,2.25,2.15,2.25,26481,EQ,89.0,297.54,22526.0
2021-05-05,2.2,2.25,2.15,2.2,27510,EQ,91.0,302.31,23516.0
2021-05-06,2.25,2.3,2.2,2.25,64453,EQ,124.0,519.78,43325.0
2021-05-07,2.3,2.3,2.2,2.3,68165,EQ,133.0,512.52,63941.0
2021-05-10,2.35,2.5,2.3,2.5,214866,EQ,284.0,756.57,197810.0
2021-05-11,2.5,2.75,2.5,2.75,167351,EQ,307.0,545.12,142800.0
2021-05-12,3.0,3.0,3.0,3.0,122138,EQ,160.0,763.36,110479.0
2021-05-14,3.15,3.15,3.15,3.15,212104,EQ,266.0,797.38,192560.0
2021-05-17,3.3,3.3,3.3,3.3,20304,EQ,65.0,312.37,20304.0
2021-05-18,3.45,3.45,3.45,3.45,69229,EQ,49.0,1412.84,69216.0
2021-05-19,3.6,3.6,3.3,3.3,532101,EQ,502.0,1059.96,397654.0
2021-05-20,3.15,3.25,3.15,3.15,107658,BE,120.0,897.15,107658.0
2021-05-21,3.15,3.15,3.0,3.0,46017,BE,130.0,353.98,46017.0
2021-05-24,3.0,3.05,2.85,2.85,93680,BE,163.0,574.72,93680.0
2021-05-25,2.85,2.9,2.75,2.75,83930,BE,141.0,595.25,83930.0
2021-05-26,2.75,2.75,2.65,2.65,245092,BE,219.0,1119.14,245092.0
2021-05-27,2.65,2.65,2.55,2.55,149343,BE,160.0,933.39,149343.0
2021-05-28,2.45,2.65,2.45,2.45,423069,BE,347.0,1219.22,423069.0
2021-05-31,2.35,2.45,2.35,2.35,171614,BE,224.0,766.13,171614.0
2021-06-01,2.35,2.35,2.25,2.25,299778,BE,273.0,1098.09,299778.0
2021-06-02,2.3,2.35,2.15,2.15,1218367,BE,675.0,1804.99,1218367.0
2021-06-03,2.25,2.25,2.05,2.15,1843408,BE,642.0,2871.35,1843408.0
2021-06-04,2.15,2.2,2.05,2.15,1164019,BE,455.0,2558.28,1164019.0
2021-06-07,2.2,2.25,2.1,2.25,256560,BE,246.0,1042.93,256560.0
2021-06-08,2.35,2.35,2.35,2.35,119159,BE,147.0,810.61,119159.0
2021-06-09,2.45,2.45,2.3,2.4,531235,BE,1792.0,296.45,531235.0
2021-06-10,2.45,2.5,2.4,2.5,536912,BE,714.0,751.98,536912.0
2021-06-11,2.6,2.6,2.45,2.55,839617,BE,763.0,1100.42,839617.0
2021-06-14,2.65,2.65,2.45,2.65,1145123,BE,1017.0,1125.98,1145123.0
2021-06-15,2.7,2.75,2.55,2.75,700038,BE,701.0,998.63,700038.0
2021-06-16,2.85,2.85,2.7,2.85,642165,BE,739.0,868.96,642165.0
2021-06-17,2.95,2.95,2.8,2.9,705059,BE,855.0,824.63,705059.0
2021-06-18,3.0,3.0,2.8,2.95,804971,BE,1057.0,761.56,804971.0
2021-06-21,3.0,3.0,2.85,2.85,607597,BE,776.0,782.99,607597.0
2021-06-22,2.85,2.85,2.75,2.75,446861,BE,577.0,774.46,446861.0
2021-06-23,2.65,2.7,2.65,2.65,420123,BE,449.0,935.69,420123.0
2021-06-24,2.55,2.6,2.55,2.55,73840,BE,244.0,302.62,73840.0
2021-06-25,2.45,2.65,2.45,2.65,557360,BE,620.0,898.97,557360.0
2021-06-28,2.75,2.75,2.7,2.75,925188,BE,1225.0,755.26,925188.0
2021-06-29,2.8,2.85,2.65,2.65,1035867,BE,1060.0,977.23,1035867.0
2021-06-30,2.6,2.75,2.6,2.75,1481567,BE,641.0,2311.34,1481567.0
2021-07-01,2.8,2.8,2.65,2.75,857181,BE,692.0,1238.7,857181.0
2021-07-02,2.7,2.8,2.65,2.7,449150,BE,567.0,792.15,449150.0
2021-07-05,2.8,2.8,2.65,2.7,694198,BE,791.0,877.62,694198.0
2021-07-06,2.75,2.8,2.6,2.7,1086496,BE,845.0,1285.79,1086496.0
2021-07-07,2.75,2.75,2.6,2.6,397249,BE,471.0,843.42,397249.0
2021-07-08,2.6,2.65,2.55,2.6,289654,BE,373.0,776.55,289654.0
2021-07-09,2.6,2.65,2.5,2.6,291180,BE,388.0,750.46,291180.0
2021-07-12,2.65,2.65,2.5,2.5,963543,BE,704.0,1368.67,963543.0
2021-07-13,2.55,2.6,2.4,2.6,987179,BE,837.0,1179.43,987179.0
2021-07-14,2.5,2.6,2.5,2.5,392205,BE,332.0,1181.34,392205.0
2021-07-15,2.4,2.55,2.4,2.5,371595,BE,420.0,884.75,371595.0
2021-07-16,2.55,2.55,2.4,2.5,487670,BE,509.0,958.09,487670.0
2021-07-19,2.55,2.55,2.4,2.4,864222,BE,1128.0,766.15,864222.0
2021-07-20,2.4,2.4,2.3,2.3,529186,EQ,755.0,700.91,517794.0
2021-07-22,2.25,2.4,2.2,2.4,1353675,EQ,1269.0,1066.73,1188980.0
2021-07-23,2.5,2.5,2.45,2.5,2208956,EQ,1220.0,1810.62,1724576.0
2021-07-26,2.5,2.6,2.5,2.6,1583489,EQ,1196.0,1323.99,1305969.0
2021-07-27,2.65,2.7,2.5,2.7,2578457,EQ,1241.0,2077.73,1861541.0
2021-07-28,2.75,2.8,2.65,2.7,1605267,EQ,950.0,1689.75,1051110.0
2021-07-29,2.75,2.8,2.7,2.8,2086322,EQ,1103.0,1891.5,1307431.0
2021-07-30,2.9,2.9,2.8,2.8,1982671,EQ,1060.0,1870.44,1063587.0
2021-08-02,2.85,2.9,2.7,2.7,1838093,EQ,955.0,1924.7,1114915.0
2021-08-03,2.65,2.7,2.6,2.6,632522,EQ,361.0,1752.14,563479.0
2021-08-04,2.5,2.7,2.5,2.7,1613891,EQ,818.0,1972.97,1280587.0
2021-08-05,2.75,2.75,2.6,2.6,1266877,EQ,1083.0,1169.78,890978.0
2021-08-06,2.45,2.65,2.45,2.55,319240,EQ,468.0,682.14,245904.0
2021-08-09,2.55,2.8,2.45,2.8,1285939,EQ,808.0,1591.51,851731.0
2021-08-10,2.85,2.9,2.7,2.85,1906163,EQ,1160.0,1643.24,1486744.0
2021-08-11,2.8,2.85,2.65,2.8,1188470,EQ,811.0,1465.44,853066.0
2021-08-12,2.8,3.05,2.7,3.05,1702946,EQ,943.0,1805.88,1356916.0
2021-08-13,3.3,3.35,3.0,3.1,2216627,EQ,1409.0,1573.19,1428845.0
2021-08-16,3.2,3.25,3.05,3.25,1420114,EQ,918.0,1546.97,1000731.0
2021-08-17,3.25,3.25,3.0,3.1,570038,EQ,566.0,1007.13,414863.0
2021-08-18,3.2,3.3,3.0,3.15,887928,EQ,759.0,1169.87,482737.0
2021-08-20,3.05,3.1,2.85,2.85,1052135,EQ,904.0,1163.87,784758.0
2021-08-23,2.8,3.1,2.8,3.1,1479282,EQ,962.0,1537.72,1089791.0
2021-08-24,2.95,3.05,2.85,2.95,415785,EQ,492.0,845.09,236955.0
2021-08-25,2.95,3.1,2.8,2.85,785986,EQ,456.0,1723.65,492517.0
2021-08-26,2.85,3.1,2.75,3.1,1777397,EQ,720.0,2468.61,1135335.0
2021-08-27,3.2,3.2,3.0,3.1,248069,EQ,331.0,749.45,171639.0
2021-08-30,3.1,3.15,2.9,3.05,796379,EQ,544.0,1463.93,489224.0
2021-08-31,3.05,3.15,2.75,2.75,1650944,EQ,928.0,1779.03,1204386.0
2021-09-01,2.75,2.8,2.5,2.5,2070992,EQ,1107.0,1870.81,1649335.0
2021-09-02,2.5,2.6,2.4,2.5,1482177,EQ,1079.0,1373.66,793314.0
2021-09-03,2.5,2.55,2.35,2.4,1822900,EQ,1221.0,1492.96,1251694.0
2021-09-06,2.4,2.5,2.35,2.4,1073102,EQ,674.0,1592.14,822723.0
2021-09-07,2.4,2.4,2.3,2.35,478884,EQ,477.0,1003.95,373671.0
2021-09-08,2.4,2.45,2.25,2.35,1590557,EQ,579.0,2747.08,1125116.0
2021-09-09,2.35,2.35,2.25,2.25,1912785,EQ,903.0,2118.26,1674230.0
2021-09-13,2.25,2.3,2.2,2.2,1336506,EQ,708.0,1887.72,812911.0
2021-09-14,2.25,2.3,2.2,2.25,1150817,EQ,515.0,2234.6,754850.0
2021-09-15,2.3,2.3,2.15,2.2,1647599,EQ,770.0,2139.74,1167643.0
2021-09-16,2.2,2.3,2.2,2.3,711411,EQ,388.0,1833.53,471302.0
2021-09-17,2.35,2.4,2.2,2.3,1297666,EQ,666.0,1948.45,823378.0
2021-09-20,2.3,2.35,2.25,2.25,432327,EQ,428.0,1010.11,361718.0
2021-09-21,2.3,2.3,2.2,2.2,445978,EQ,296.0,1506.68,396433.0
2021-09-22,2.25,2.3,2.2,2.3,557877,EQ,368.0,1515.97,269068.0
2021-09-23,2.3,2.35,2.2,2.3,934181,EQ,583.0,1602.37,422838.0
2021-09-24,2.35,2.35,2.25,2.25,229011,EQ,243.0,942.43,104135.0
2021-09-27,2.3,2.3,2.25,2.3,101100,EQ,168.0,601.79,59029.0
2021-09-28,2.3,2.3,2.2,2.25,658577,EQ,341.0,1931.31,368289.0
2021-09-29,2.25,2.3,2.2,2.25,457884,EQ,404.0,1133.38,202283.0
2021-09-30,2.3,2.3,2.25,2.25,309840,EQ,537.0,576.98,184674.0
2021-10-01,2.25,2.3,2.2,2.25,312351,EQ,253.0,1234.59,205931.0
2021-10-04,2.25,2.3,2.2,2.3,268359,EQ,355.0,755.94,208785.0
2021-10-05,2.3,2.3,2.25,2.3,255115,EQ,287.0,888.9,238811.0
2021-10-06,2.25,2.3,2.25,2.25,462991,EQ,485.0,954.62,294009.0
2021-10-07,2.3,2.35,2.2,2.3,600178,EQ,438.0,1370.27,465387.0
2021-10-08,2.35,2.45,2.3,2.35,1325206,EQ,602.0,2201.34,771012.0
2021-10-11,2.4,2.55,2.35,2.5,933394,EQ,676.0,1380.76,652312.0
2021-10-12,2.55,2.6,2.35,2.4,1015542,EQ,880.0,1154.03,688652.0
2021-10-13,2.45,2.5,2.35,2.4,573261,EQ,929.0,617.07,484571.0
2021-10-14,2.4,2.45,2.35,2.35,610876,EQ,399.0,1531.02,407073.0
2021-10-18,2.35,2.4,2.35,2.35,212529,EQ,447.0,475.46,151735.0
2021-10-19,2.4,2.4,2.3,2.3,321214,EQ,668.0,480.86,231690.0
2021-10-20,2.3,2.5,2.25,2.4,1109492,EQ,626.0,1772.35,873760.0
2021-10-21,2.45,2.45,2.35,2.35,250505,EQ,275.0,910.93,186390.0
2021-10-22,2.35,2.4,2.2,2.35,522893,EQ,309.0,1692.21,277895.0
2021-10-25,2.35,2.35,2.25,2.25,176319,EQ,330.0,534.3,118157.0
2021-10-26,2.3,2.35,2.25,2.3,315383,EQ,410.0,769.23,175457.0
2021-10-27,2.3,2.35,2.2,2.25,646730,EQ,556.0,1163.18,475579.0
2021-10-28,2.2,2.25,2.2,2.2,257434,EQ,542.0,474.97,167508.0
2021-10-29,2.15,2.3,2.1,2.25,549601,EQ,505.0,1088.32,293349.0
2021-11-01,2.25,2.3,2.2,2.25,193351,EQ,378.0,511.51,134020.0
2021-11-02,2.3,2.3,2.25,2.25,87271,EQ,215.0,405.91,47066.0
2021-11-03,2.25,2.3,2.2,2.25,152824,EQ,188.0,812.89,123491.0
2021-11-04,2.3,2.35,2.25,2.35,117917,EQ,188.0,627.22,123491.0
2021-11-08,2.35,2.35,2.25,2.25,162018,EQ,519.0,312.17,126571.0
2021-11-09,2.3,2.3,2.25,2.25,239317,EQ,805.0,297.29,168290.0
2021-11-10,2.25,2.3,2.25,2.25,183718,EQ,262.0,701.21,121848.0
2021-11-11,2.3,2.3,2.2,2.25,279259,EQ,262.0,1065.87,215317.0
2021-11-12,2.25,2.3,2.2,2.25,223387,EQ,433.0,515.91,159920.0
2021-11-15,2.3,2.3,2.2,2.25,901925,EQ,1458.0,618.6,719999.0
2021-11-16,2.25,2.4,2.2,2.2,590820,EQ,455.0,1298.51,294784.0
2021-11-17,2.25,2.35,2.2,2.3,561817,EQ,615.0,913.52,319391.0
2021-11-18,2.3,2.3,2.2,2.25,264043,EQ,412.0,640.88,205737.0
2021-11-22,2.25,2.3,2.2,2.3,578526,EQ,841.0,687.9,378421.0
2021-11-23,2.3,2.3,2.2,2.25,229756,EQ,791.0,290.46,161680.0
2021-11-24,2.3,2.35,2.25,2.3,483552,EQ,615.0,786.26,352952.0
2021-11-25,2.3,2.4,2.25,2.35,526226,EQ,627.0,839.28,331070.0
2021-11-26,2.4,2.4,2.2,2.25,648311,EQ,867.0,747.76,485992.0
2021-11-29,2.3,2.3,2.15,2.2,423318,EQ,579.0,731.12,286635.0
2021-11-30,2.25,2.3,2.2,2.25,329661,EQ,688.0,479.16,184499.0
2021-12-01,2.25,2.3,2.15,2.2,744446,EQ,743.0,1001.95,593581.0
2021-12-02,2.2,2.25,2.15,2.2,479352,EQ,569.0,842.45,363745.0
2021-12-03,2.2,2.3,2.15,2.15,964574,EQ,781.0,1235.05,721768.0
2021-12-06,2.25,2.3,2.2,2.25,896769,EQ,892.0,1005.35,653612.0
2021-12-07,2.3,2.3,2.2,2.25,710025,EQ,1280.0,554.71,574124.0
2021-12-08,2.25,2.25,2.15,2.2,1593886,EQ,1528.0,1043.12,1369545.0
2021-12-09,2.2,2.3,2.15,2.25,778736,EQ,1063.0,732.58,499600.0
2021-12-10,2.3,2.35,2.25,2.35,953969,EQ,1096.0,870.41,761070.0
2021-12-13,2.4,2.8,2.35,2.8,5140630,EQ,2306.0,2229.24,3182649.0
2021-12-14,2.9,3.35,2.8,3.35,5010554,EQ,2457.0,2039.3,3424828.0
2021-12-15,3.65,3.65,3.65,3.65,1073459,EQ,675.0,1590.31,956142.0
2021-12-16,4.0,4.0,3.7,4.0,9762386,EQ,4653.0,2098.08,4884824.0
2021-12-17,4.4,4.4,4.25,4.4,1165706,EQ,705.0,1653.48,881851.0
2021-12-20,4.6,4.6,4.2,4.2,8851168,EQ,6879.0,1286.69,4914928.0
2021-12-21,4.0,4.15,4.0,4.0,1275922,EQ,1771.0,720.45,823504.0
2021-12-22,3.8,4.2,3.8,4.2,5382279,EQ,2542.0,2117.34,2713354.0
2021-12-23,4.4,4.4,4.3,4.4,792058,EQ,531.0,1491.63,708168.0
2021-12-24,4.6,4.6,4.2,4.6,4850369,EQ,3054.0,1588.2,2006874.0
2021-12-27,4.8,4.8,4.7,4.8,2859981,EQ,1072.0,2667.89,1234992.0
2021-12-28,5.0,5.0,5.0,5.0,138723,EQ,139.0,998.01,138723.0
2021-12-29,5.25,5.25,5.25,5.25,192878,EQ,153.0,1260.64,192878.0
2021-12-30,5.5,5.5,5.5,5.5,95151,EQ,147.0,647.29,95151.0
2021-12-31,5.75,5.75,5.75,5.75,120271,EQ,123.0,977.81,120271.0
2022-01-03,6.0,6.0,6.0,6.0,152082,EQ,145.0,1048.84,152082.0
2022-01-04,6.3,6.3,5.7,6.3,3300335,BE,4061.0,812.69,3300335.0
2022-01-05,6.6,6.6,6.3,6.6,1215800,BE,1662.0,731.53,1215800.0
2022-01-06,6.9,6.9,6.9,6.9,261765,BE,225.0,1163.4,261765.0
2022-01-07,7.2,7.2,7.2,7.2,323757,BE,265.0,1221.72,323757.0
2022-01-10,7.55,7.55,7.55,7.55,317646,BE,340.0,934.25,317646.0
2022-01-11,7.9,7.9,7.9,7.9,182656,BE,347.0,526.39,182656.0
2022-01-12,8.25,8.25,7.55,7.65,4406154,BE,8881.0,496.13,4406154.0
2022-01-13,7.3,7.3,7.3,7.3,376144,BE,1139.0,330.24,376144.0
2022-01-14,6.95,6.95,6.95,6.95,965429,BE,2451.0,393.89,965429.0
2022-01-17,6.65,7.25,6.65,7.25,1672828,BE,2347.0,712.75,1672828.0
2022-01-18,7.4,7.6,6.9,6.9,1846267,BE,3720.0,496.31,1846267.0
2022-01-19,6.6,6.8,6.6,6.6,322150,BE,989.0,325.73,322150.0
2022-01-20,6.3,6.3,6.3,6.3,191308,BE,651.0,293.87,191308.0
2022-01-21,6.0,6.0,6.0,6.0,215136,BE,696.0,309.1,215136.0
2022-01-24,5.7,5.7,5.7,5.7,136030,BE,590.0,230.56,136030.0
2022-01-25,5.45,5.45,5.45,5.45,167311,BE,538.0,310.99,167311.0
2022-01-27,5.2,5.2,5.2,5.2,112194,BE,415.0,270.35,112194.0
2022-01-28,4.95,4.95,4.95,4.95,256906,BE,826.0,311.02,256906.0
2022-01-31,4.75,4.75,4.75,4.75,234630,BE,834.0,281.33,234630.0
2022-02-01,4.55,4.55,4.55,4.55,125263,BE,542.0,231.11,125263.0
2022-02-02,4.35,4.75,4.35,4.75,1789158,BE,1810.0,988.49,1789158.0
2022-02-03,4.95,4.95,4.8,4.95,781736,BE,769.0,1016.56,781736.0
2022-02-04,5.15,5.15,5.15,5.15,172437,BE,242.0,712.55,172437.0
2022-02-07,5.4,5.4,4.9,5.4,1498301,BE,2209.0,678.27,1498301.0
2022-02-08,5.6,5.65,5.4,5.65,1054906,BE,1531.0,689.03,1054906.0
2022-02-09,5.9,5.9,5.4,5.4,727211,BE,1400.0,519.44,727211.0
2022-02-10,5.15,5.15,5.15,5.15,98397,BE,399.0,246.61,98397.0
2022-02-11,4.9,4.9,4.9,4.9,251336,BE,646.0,389.07,251336.0
2022-02-14,4.7,4.7,4.7,4.7,93862,BE,382.0,245.71,93862.0
2022-02-15,4.5,4.9,4.5,4.6,666750,BE,1025.0,650.49,666750.0
2022-02-16,4.6,4.8,4.4,4.4,755002,BE,1274.0,592.62,755002.0
2022-02-17,4.4,4.4,4.2,4.2,238663,BE,488.0,489.06,238663.0
2022-02-18,4.0,4.4,4.0,4.4,551930,BE,733.0,752.97,551930.0
2022-02-21,4.55,4.6,4.2,4.2,534315,BE,947.0,564.22,534315.0
2022-02-22,4.0,4.0,4.0,4.0,166266,BE,449.0,370.3,166266.0
2022-02-23,3.85,4.2,3.8,4.2,427617,BE,854.0,500.72,427617.0
2022-02-24,4.0,4.2,4.0,4.0,368138,BE,1396.0,263.71,368138.0
2022-02-25,4.0,4.2,4.0,4.2,420716,BE,1078.0,390.27,420716.0
2022-02-28,4.2,4.35,4.0,4.3,376016,BE,837.0,449.24,376016.0
2022-03-02,4.3,4.45,4.1,4.3,252246,BE,761.0,331.47,252246.0
2022-03-03,4.3,4.35,4.2,4.25,291646,BE,609.0,478.89,291646.0
2022-03-04,4.25,4.25,4.05,4.05,465539,BE,810.0,574.74,465539.0
2022-03-07,3.85,4.1,3.85,4.0,320946,BE,,,
2022-03-08,4.1,4.15,3.95,4.1,229323,BE,523.0,438.48,229323.0
2022-03-09,4.15,4.2,4.05,4.2,202541,BE,545.0,371.63,202541.0
2022-03-10,4.2,4.4,4.15,4.4,540232,BE,726.0,744.12,540232.0
2022-03-11,4.4,4.6,4.3,4.5,652351,BE,746.0,874.47,652351.0
2022-03-14,4.55,4.6,4.35,4.4,448577,BE,698.0,642.66,448577.0
2022-03-15,4.5,4.5,4.2,4.2,499017,BE,752.0,663.59,499017.0
2022-03-16,4.3,4.3,4.0,4.15,340915,BE,708.0,481.52,340915.0
2022-03-17,4.15,4.3,4.0,4.1,250228,BE,540.0,463.39,250228.0
2022-03-21,4.1,4.15,3.95,4.05,204255,BE,622.0,328.38,204255.0
2022-03-22,3.95,4.25,3.9,4.05,483638,BE,640.0,755.68,483638.0
2022-03-23,4.2,4.2,4.0,4.05,163893,BE,391.0,419.16,163893.0
2022-03-24,4.15,4.15,3.9,3.95,227287,BE,579.0,392.55,227287.0
2022-03-25,3.95,4.0,3.8,3.85,287054,BE,595.0,482.44,287054.0
2022-03-28,3.8,3.9,3.7,3.75,297814,BE,538.0,553.56,297814.0
2022-03-29,3.6,3.8,3.6,3.6,422519,EQ,732.0,577.21,307211.0
2022-03-30,3.65,3.65,3.45,3.45,496087,EQ,684.0,725.27,260599.0
2022-03-31,3.5,3.6,3.45,3.5,276268,EQ,555.0,497.78,242392.0
2022-04-01,3.6,3.65,3.45,3.65,117359,EQ,222.0,528.64,82550.0
2022-04-04,3.8,3.8,3.8,3.8,79825,EQ,95.0,840.26,79825.0
2022-04-05,3.95,3.95,3.95,3.95,99446,EQ,105.0,947.1,99446.0
2022-04-06,4.1,4.1,3.9,4.1,638813,EQ,714.0,894.7,385247.0
2022-04-07,4.4,4.5,4.15,4.5,715051,EQ,967.0,739.45,406213.0
2022-04-08,4.8,4.95,4.6,4.95,830521,EQ,1101.0,754.33,591021.0
2022-04-11,5.2,5.4,5.15,5.4,505293,EQ,866.0,583.48,450648.0
2022-04-12,5.6,5.65,5.15,5.65,3641433,EQ,2989.0,1218.28,1746636.0
2022-04-13,5.65,5.8,5.4,5.4,1332339,EQ,1732.0,769.25,899672.0
2022-04-18,5.15,5.2,5.15,5.15,268091,EQ,454.0,590.51,202599.0
2022-04-19,4.9,5.05,4.9,4.9,1072445,EQ,862.0,1244.14,592006.0
2022-04-20,4.85,4.85,4.7,4.7,403332,EQ,469.0,859.98,277232.0
2022-04-21,4.6,4.9,4.5,4.8,860385,EQ,1177.0,731.0,559045.0
2022-04-22,4.75,4.95,4.65,4.7,814939,EQ,926.0,880.06,564971.0
2022-04-25,4.7,4.75,4.5,4.5,649885,EQ,682.0,952.91,491219.0
2022-04-26,4.5,4.7,4.45,4.7,610781,EQ,274.0,2229.13,560082.0
2022-04-27,4.75,4.9,4.6,4.9,849948,EQ,514.0,1653.6,722156.0
2022-04-28,5.1,5.1,5.05,5.1,369738,EQ,352.0,1050.39,252056.0
2022-04-29,5.35,5.35,4.95,5.0,1046071,EQ,1231.0,849.77,575084.0
2022-05-02,5.0,5.15,4.75,4.75,650155,EQ,996.0,652.77,428325.0
2022-05-04,4.65,4.75,4.55,4.55,532845,EQ,840.0,634.34,348837.0
2022-05-05,4.55,4.75,4.55,4.75,396360,EQ,510.0,777.18,263534.0
2022-05-06,4.7,4.75,4.55,4.55,462331,EQ,564.0,819.74,253027.0
2022-05-09,4.45,4.5,4.35,4.35,420246,EQ,398.0,1055.89,318635.0
2022-05-10,4.2,4.4,4.15,4.15,532231,EQ,638.0,834.22,259325.0
2022-05-12,3.8,4.0,3.8,3.8,723584,EQ,693.0,1044.13,464721.0
2022-05-13,3.95,3.95,3.8,3.9,910221,EQ,749.0,1215.25,631397.0
2022-05-16,4.0,4.05,3.75,3.8,694601,EQ,639.0,1087.01,395921.0
2022-05-17,3.85,3.9,3.75,3.8,323015,EQ,599.0,539.26,258381.0
2022-05-18,3.9,3.9,3.75,3.85,286249,EQ,506.0,565.71,234055.0
2022-05-19,3.75,3.8,3.7,3.7,323949,EQ,455.0,711.98,193789.0
2022-05-20,3.8,3.85,3.65,3.7,335096,EQ,549.0,610.38,222343.0
2022-05-23,3.6,3.75,3.55,3.55,498918,EQ,703.0,709.7,252153.0
2022-05-24,3.45,3.55,3.4,3.45,238011,EQ,364.0,653.88,164474.0
2022-05-25,3.45,3.6,3.3,3.3,586616,EQ,539.0,1088.34,352764.0
2022-05-26,3.2,3.4,3.15,3.2,247314,EQ,429.0,576.49,213284.0
2022-05-27,3.3,3.35,3.15,3.2,214782,EQ,445.0,482.66,137992.0
2022-05-30,3.3,3.35,3.2,3.35,134681,EQ,246.0,547.48,127817.0
2022-05-31,3.45,3.5,3.4,3.5,333614,EQ,452.0,738.08,293640.0
2022-06-01,3.6,3.65,3.5,3.65,382222,EQ,451.0,847.5,270313.0
2022-06-02,3.7,3.8,3.65,3.8,502901,EQ,460.0,1093.26,346750.0
2022-06-03,3.9,3.95,3.9,3.95,131276,EQ,148.0,887.0,86259.0
2022-06-06,4.1,4.1,3.8,3.8,560435,EQ,755.0,742.3,325921.0
2022-06-07,3.7,3.75,3.65,3.65,181567,EQ,222.0,817.87,104315.0
2022-06-08,3.55,3.65,3.5,3.55,687592,EQ,552.0,1245.64,275341.0
2022-06-09,3.55,3.65,3.45,3.6,181929,EQ,294.0,618.81,112191.0
2022-06-10,3.55,3.6,3.45,3.45,522885,EQ,373.0,1401.84,431995.0
2022-06-13,3.45,3.5,3.3,3.35,234839,EQ,414.0,567.24,143478.0
2022-06-14,3.35,3.35,3.2,3.2,710646,EQ,509.0,1396.16,477425.0
2022-06-15,3.35,3.35,3.1,3.2,181541,EQ,338.0,537.1,140772.0
2022-06-16,3.25,3.3,3.05,3.2,390708,EQ,422.0,925.85,228129.0
2022-06-17,3.25,3.25,3.05,3.1,629931,EQ,566.0,1112.95,329651.0
2022-06-20,3.2,3.2,2.95,2.95,342033,EQ,407.0,840.38,207150.0
2022-06-21,2.9,3.05,2.85,2.9,483696,EQ,480.0,1007.7,328303.0
2022-06-22,2.9,3.0,2.8,3.0,397797,EQ,339.0,1173.44,209029.0
2022-06-23,2.95,3.15,2.95,3.15,672862,EQ,905.0,743.49,442877.0
2022-06-24,3.2,3.3,3.2,3.3,284980,EQ,491.0,580.41,227194.0
2022-06-27,3.45,3.45,3.2,3.4,428177,EQ,357.0,1199.38,260599.0
2022-06-28,3.3,3.45,3.25,3.3,266834,EQ,242.0,1102.62,173866.0
2022-06-29,3.3,3.4,3.2,3.4,303670,EQ,278.0,1092.34,188767.0
2022-06-30,3.4,3.45,3.35,3.35,70009,EQ,173.0,404.68,58372.0
2022-07-01,3.35,3.35,3.2,3.2,83280,EQ,184.0,452.61,47844.0
2022-07-04,3.2,3.3,3.1,3.15,46803,EQ,210.0,222.87,28251.0
2022-07-05,3.25,3.25,3.1,3.15,99799,EQ,187.0,533.68,86640.0
2022-07-06,3.25,3.25,3.1,3.1,64663,EQ,182.0,355.29,45443.0
2022-07-07,3.05,3.2,3.05,3.1,163889,EQ,216.0,758.75,72328.0
2022-07-08,3.1,3.15,3.05,3.1,68159,EQ,198.0,344.24,39520.0
2022-07-11,3.1,3.1,3.0,3.05,94438,EQ,240.0,393.49,68846.0
2022-07-12,3.1,3.2,3.05,3.2,424123,EQ,175.0,2423.56,363311.0
2022-07-13,3.2,3.35,3.1,3.15,104999,EQ,272.0,386.03,95223.0
2022-07-14,3.2,3.2,3.1,3.15,103641,EQ,178.0,582.25,93571.0
2022-07-15,3.1,3.3,3.05,3.25,340821,EQ,323.0,1055.17,259320.0
2022-07-18,3.2,3.4,3.2,3.25,221587,EQ,319.0,694.63,136461.0
2022-07-19,3.25,3.3,3.15,3.25,277025,EQ,243.0,1140.02,168665.0
2022-07-20,3.25,3.3,3.15,3.15,181369,EQ,353.0,513.79,95494.0
2022-07-21,3.25,3.25,3.1,3.2,186863,EQ,273.0,684.48,123763.0
2022-07-22,3.25,3.3,3.15,3.2,78796,EQ,211.0,373.44,53596.0
2022-07-25,3.3,3.3,3.1,3.1,119905,EQ,274.0,437.61,79469.0
2022-07-26,3.05,3.2,2.95,3.0,194989,EQ,321.0,607.44,140765.0
2022-07-27,3.0,3.1,3.0,3.05,116390,EQ,274.0,424.78,77571.0
2022-07-28,3.15,3.15,2.95,3.0,158808,EQ,294.0,540.16,124416.0
2022-07-29,3.0,3.1,3.0,3.05,131306,EQ,264.0,497.37,106398.0
2022-08-01,3.1,3.1,3.0,3.05,68883,EQ,221.0,311.69,61909.0
2022-08-02,3.15,3.15,3.05,3.1,316677,EQ,295.0,1073.48,282111.0
2022-08-03,3.15,3.15,3.0,3.05,123806,EQ,237.0,522.39,70512.0
2022-08-04,3.2,3.2,3.0,3.05,95903,EQ,227.0,422.48,79952.0
2022-08-05,3.0,3.3,3.0,3.15,515458,EQ,379.0,1360.05,336327.0
2022-08-08,3.25,3.35,3.15,3.3,408907,EQ,,,
2022-08-10,3.3,3.4,3.25,3.3,229358,EQ,324.0,707.9,159221.0
2022-08-11,3.5,3.5,3.25,3.4,150684,EQ,330.0,456.62,95713.0
2022-08-12,3.45,3.45,3.15,3.3,544777,EQ,435.0,1252.36,425743.0
2022-08-16,3.25,3.3,3.15,3.2,276433,EQ,338.0,817.85,206794.0
2022-08-17,3.1,3.25,3.0,3.05,528025,EQ,432.0,1222.28,390170.0
2022-08-18,3.1,3.2,2.95,3.0,907714,EQ,660.0,1375.32,731070.0
2022-08-19,3.1,3.1,2.95,3.0,330300,EQ,406.0,813.55,292788.0
2022-08-22,3.1,3.1,2.95,2.95,196357,EQ,339.0,579.22,165854.0
2022-08-23,3.0,3.05,2.9,3.0,129295,EQ,284.0,455.26,101046.0
2022-08-24,3.05,3.05,2.9,3.0,176069,EQ,310.0,567.96,106020.0
2022-08-25,2.95,3.0,2.85,2.9,568931,EQ,530.0,1073.45,426761.0
2022-08-26,2.9,3.0,2.85,2.85,342158,EQ,341.0,1003.4,250157.0
2022-08-29,2.9,2.95,2.85,2.85,193609,EQ,305.0,634.78,154869.0
2022-08-30,2.9,2.95,2.85,2.85,395662,EQ,335.0,1181.08,324406.0
2022-09-01,2.9,2.9,2.8,2.8,411709,EQ,407.0,1011.57,373924.0
2022-09-02,2.85,2.9,2.8,2.8,294405,EQ,368.0,800.01,217434.0
2022-09-05,2.9,3.0,2.8,2.95,508146,EQ,517.0,982.87,276421.0
2022-09-06,3.0,3.05,2.95,3.0,499617,EQ,433.0,1153.85,450053.0
2022-09-07,3.05,3.05,2.95,3.0,322698,EQ,317.0,1017.97,246012.0
2022-09-08,3.0,3.05,2.95,2.95,356522,EQ,334.0,1067.43,301307.0
2022-09-09,3.0,3.05,2.9,2.95,516824,EQ,405.0,1276.11,352876.0
2022-09-12,2.95,3.0,2.8,2.85,957346,EQ,644.0,1486.56,604430.0
2022-09-13,2.9,2.95,2.85,2.9,641516,EQ,395.0,1624.09,484551.0
2022-09-14,2.85,2.95,2.8,2.85,565994,EQ,366.0,1546.43,427959.0
2022-09-15,2.9,2.95,2.8,2.85,452199,EQ,350.0,1292.0,322951.0
2022-09-16,2.85,2.85,2.75,2.8,305095,EQ,406.0,751.47,253473.0
2022-09-19,2.85,2.9,2.8,2.85,215000,EQ,332.0,647.59,120294.0
2022-09-20,2.85,2.85,2.8,2.8,250570,EQ,284.0,882.29,162879.0
2022-09-21,2.8,3.0,2.75,2.95,766955,EQ,450.0,1704.34,541900.0
2022-09-22,3.0,3.05,2.9,2.9,745325,EQ,349.0,2135.6,568018.0
2022-09-23,2.95,2.95,2.8,2.8,449860,EQ,311.0,1446.5,309534.0
2022-09-26,2.8,2.9,2.8,2.8,183943,EQ,327.0,562.52,150363.0
2022-09-27,2.9,2.9,2.75,2.75,239763,EQ,247.0,970.7,216568.0
2022-09-28,2.75,2.95,2.7,2.8,502862,EQ,343.0,1466.07,293976.0
2022-09-29,2.8,2.95,2.75,2.85,259006,EQ,268.0,966.44,205916.0
2022-09-30,2.85,2.9,2.75,2.85,279753,EQ,307.0,911.25,211646.0
2022-10-03,2.85,3.0,2.85,2.9,162647,EQ,288.0,564.75,110182.0
2022-10-04,2.9,2.95,2.85,2.85,227798,EQ,219.0,1040.17,137717.0
2022-10-06,2.9,2.95,2.8,2.85,185635,EQ,195.0,951.97,162848.0
2022-10-07,2.9,2.9,2.8,2.9,166499,EQ,177.0,940.67,122210.0
2022-10-10,2.9,2.95,2.55,2.85,484199,EQ,358.0,1352.51,282882.0
2022-10-11,2.9,2.9,2.8,2.8,122761,EQ,159.0,772.08,96204.0
2022-10-12,2.85,2.85,2.8,2.8,82283,EQ,160.0,514.27,55954.0
2022-10-13,2.85,2.9,2.7,2.75,321010,EQ,305.0,1052.49,222836.0
2022-10-14,2.8,2.85,2.7,2.8,168548,EQ,239.0,705.22,97213.0
2022-10-17,2.85,2.9,2.75,2.75,535035,EQ,252.0,2123.15,399943.0
2022-10-18,2.85,2.85,2.75,2.8,87295,EQ,185.0,471.86,54854.0
2022-10-19,2.85,2.95,2.65,2.7,1566617,EQ,546.0,2869.26,1079680.0
2022-10-20,2.75,2.75,2.65,2.7,334359,EQ,219.0,1526.75,242771.0
2022-10-21,2.7,2.75,2.6,2.65,315261,EQ,288.0,1094.66,237135.0
2022-10-24,2.75,2.75,2.6,2.65,313832,EQ,193.0,1626.07,168332.0
2022-10-25,2.7,2.7,2.55,2.6,399680,EQ,291.0,1373.47,281058.0
2022-10-27,2.6,2.65,2.55,2.6,495161,EQ,380.0,1303.06,306511.0
2022-10-28,2.55,2.65,2.5,2.55,589628,EQ,370.0,1593.59,326836.0
2022-10-31,2.5,2.65,2.5,2.55,384222,EQ,297.0,1293.68,250778.0
2022-11-01,2.55,2.6,2.55,2.6,192759,EQ,258.0,747.13,141916.0
2022-11-02,2.6,2.6,2.55,2.6,191334,EQ,228.0,839.18,109583.0
2022-11-03,2.55,2.6,2.5,2.55,1126632,EQ,508.0,2217.78,938606.0
2022-11-04,2.6,2.6,2.45,2.5,615902,EQ,311.0,1980.39,482732.0
2022-11-07,2.55,2.65,2.5,2.65,810093,EQ,453.0,1788.28,526217.0
2022-11-09,2.65,2.75,2.6,2.75,657687,EQ,470.0,1399.33,436134.0
2022-11-10,2.75,2.95,2.7,2.7,308282,EQ,344.0,896.17,220229.0
2022-11-11,2.75,2.9,2.7,2.7,285166,EQ,258.0,1105.29,169349.0
2022-11-14,2.8,2.8,2.7,2.75,178301,EQ,268.0,665.3,128493.0
2022-11-15,2.75,2.75,2.7,2.7,115323,EQ,268.0,430.31,128493.0
2022-11-16,2.7,2.85,2.7,2.75,289123,EQ,305.0,947.94,219079.0
2022-11-17,2.75,2.8,2.7,2.8,109193,EQ,179.0,610.02,74384.0
2022-11-18,2.8,2.8,2.75,2.75,176656,EQ,160.0,1104.1,117865.0
2022-11-21,2.75,2.75,2.6,2.75,276716,EQ,244.0,1134.08,170365.0
2022-11-22,2.75,2.9,2.65,2.8,469142,EQ,249.0,1884.1,348308.0
2022-11-23,2.8,2.85,2.65,2.7,344848,EQ,285.0,1209.99,265782.0
2022-11-24,2.75,2.75,2.65,2.7,406315,EQ,295.0,1377.34,321586.0
2022-11-25,2.75,2.75,2.65,2.7,297010,EQ,400.0,742.52,208852.0
2022-11-28,2.65,2.8,2.6,2.65,519294,EQ,318.0,1633.0,425395.0
2022-11-29,2.65,2.75,2.6,2.65,418065,EQ,234.0,1786.6,312949.0
2022-11-30,2.65,2.7,2.6,2.6,298032,EQ,270.0,1103.82,245605.0
2022-12-01,2.65,2.7,2.55,2.6,702179,EQ,386.0,1819.12,464608.0
2022-12-02,2.6,2.7,2.55,2.65,578952,EQ,629.0,920.43,455436.0
2022-12-05,2.7,2.8,2.65,2.75,751787,EQ,453.0,1659.57,678543.0
2022-12-06,2.75,2.85,2.65,2.8,1580565,EQ,962.0,1643.0,830798.0
2022-12-07,2.75,3.15,2.75,3.05,1974694,EQ,1185.0,1666.41,1151364.0
2022-12-08,3.15,3.15,3.0,3.1,1147146,EQ,836.0,1372.18,935999.0
2022-12-09,3.25,3.35,3.1,3.2,922468,EQ,638.0,1445.87,719452.0
2022-12-12,3.25,3.5,2.95,3.45,1665634,EQ,1054.0,1580.3,1224375.0
2022-12-13,3.6,3.8,3.5,3.75,2517236,EQ,1823.0,1380.82,1627177.0
2022-12-14,3.9,4.0,3.55,3.55,1686843,EQ,1199.0,1406.87,1364098.0
2022-12-15,3.35,3.5,3.3,3.4,707769,EQ,512.0,1382.36,616331.0
2022-12-16,3.6,4.0,3.35,3.5,1097938,EQ,783.0,1402.22,733389.0
2022-12-19,3.8,3.8,3.45,3.55,1561594,EQ,599.0,2607.0,1103395.0
2022-12-20,3.65,3.7,3.5,3.5,1623646,EQ,851.0,1907.93,910478.0
2022-12-21,3.6,4.2,3.55,3.85,5424032,EQ,2536.0,2138.81,2408853.0
2022-12-22,4.15,4.2,3.75,4.1,2726710,EQ,1478.0,1844.86,1784068.0
2022-12-23,3.7,3.9,3.5,3.75,1677707,EQ,1579.0,1062.51,713324.0
2022-12-26,3.75,3.8,3.45,3.75,1113643,EQ,693.0,1606.99,831727.0
2022-12-27,3.75,3.75,3.6,3.6,212219,EQ,226.0,939.02,177176.0
2022-12-28,3.45,3.45,3.45,3.45,90009,EQ,189.0,476.24,89999.0
2022-12-29,3.3,3.6,3.3,3.6,422252,BE,479.0,881.53,422252.0
2022-12-30,3.45,3.75,3.45,3.45,673305,BE,565.0,1191.69,673305.0
2023-01-02,3.35,3.45,3.3,3.3,319153,BE,383.0,833.3,319153.0
2023-01-03,3.2,3.3,3.15,3.15,150667,BE,321.0,469.37,150667.0
2023-01-04,3.0,3.1,3.0,3.0,533362,BE,458.0,1164.55,533362.0
2023-01-05,3.0,3.15,2.95,3.15,831464,BE,654.0,1271.35,831464.0
2023-01-06,3.25,3.3,3.15,3.2,857997,BE,846.0,1014.18,857997.0
2023-01-09,3.35,3.35,3.2,3.25,696604,BE,515.0,1352.63,696604.0
2023-01-10,3.4,3.4,3.15,3.2,683464,BE,887.0,770.53,683464.0
2023-01-11,3.2,3.3,3.05,3.2,437657,BE,423.0,1034.65,437657.0
2023-01-12,3.25,3.3,3.05,3.25,579259,BE,427.0,1356.58,579259.0
2023-01-13,3.3,3.4,3.2,3.4,745741,BE,362.0,2060.06,745741.0
2023-01-16,3.55,3.55,3.5,3.55,1150401,BE,396.0,2905.05,1150401.0
2023-01-17,3.65,3.7,3.65,3.7,580235,BE,357.0,1625.31,580235.0
2023-01-18,3.85,3.85,3.85,3.85,619552,BE,347.0,1785.45,619552.0
2023-01-19,3.95,3.95,3.65,3.65,747359,BE,470.0,1590.13,747359.0
2023-01-20,3.6,3.6,3.5,3.5,819924,BE,710.0,1154.82,819924.0
2023-01-23,3.5,3.65,3.35,3.45,820668,BE,482.0,1702.63,820668.0
2023-01-24,3.5,3.55,3.3,3.4,243355,BE,286.0,850.89,243355.0
2023-01-25,3.45,3.55,3.25,3.3,727696,BE,533.0,1365.28,727696.0
2023-01-27,3.4,3.45,3.15,3.2,259304,BE,284.0,913.04,259304.0
2023-01-30,3.05,3.25,3.05,3.2,297390,BE,333.0,893.06,297390.0
2023-01-31,3.25,3.25,3.1,3.2,102728,BE,204.0,503.57,102728.0
2023-02-01,3.25,3.25,3.05,3.1,340815,BE,301.0,1132.28,340815.0
2023-02-02,3.1,3.15,3.0,3.1,180401,BE,237.0,761.19,180401.0
2023-02-03,3.15,3.2,2.95,3.0,411865,BE,279.0,1476.22,411865.0
2023-02-06,3.05,3.15,2.9,3.0,137593,BE,219.0,628.28,137593.0
2023-02-07,3.05,3.05,2.9,2.9,199975,BE,268.0,746.18,199975.0
2023-02-08,2.9,3.0,2.85,3.0,230035,BE,231.0,995.82,230035.0
2023-02-09,3.0,3.1,2.95,3.0,269525,BE,226.0,1192.59,269525.0
2023-02-10,3.05,3.05,2.95,2.95,155700,BE,185.0,841.62,155700.0
2023-02-13,2.8,2.8,2.8,2.8,428732,BE,275.0,1559.03,428732.0
2023-02-14,2.7,2.75,2.7,2.7,397750,BE,290.0,1371.55,397750.0
2023-02-15,2.75,2.75,2.6,2.7,170904,BE,193.0,885.51,170904.0
2023-02-16,2.75,2.8,2.6,2.6,313811,BE,311.0,1009.04,313811.0
2023-02-17,2.6,2.6,2.5,2.5,580452,BE,375.0,1547.87,580452.0
2023-02-20,2.55,2.6,2.45,2.6,211525,BE,253.0,836.07,211525.0
2023-02-21,2.65,2.65,2.5,2.55,457453,BE,363.0,1260.2,457453.0
2023-02-22,2.6,2.65,2.5,2.65,177141,BE,175.0,1012.23,177141.0
2023-02-23,2.75,2.75,2.65,2.75,440343,BE,306.0,1439.03,440343.0
2023-02-24,2.7,2.85,2.7,2.7,616816,BE,220.0,2803.71,616816.0
2023-02-27,2.75,2.8,2.6,2.65,247796,BE,257.0,964.19,247796.0
2023-02-28,2.7,2.75,2.7,2.7,318996,EQ,216.0,1476.83,258838.0
2023-03-01,2.75,2.75,2.65,2.7,158304,EQ,203.0,779.82,91415.0
2023-03-02,2.65,2.75,2.6,2.7,326815,EQ,259.0,1261.83,218477.0
2023-03-03,2.7,2.75,2.65,2.7,386031,EQ,223.0,1731.08,195375.0
2023-03-06,2.7,2.75,2.65,2.65,365655,EQ,186.0,1965.89,258725.0
2023-03-08,2.7,2.75,2.65,2.75,795509,EQ,502.0,1584.68,700149.0
2023-03-09,2.8,2.85,2.75,2.8,722442,EQ,214.0,3375.9,574895.0
2023-03-10,2.8,2.8,2.7,2.7,448288,EQ,189.0,2371.89,396165.0
2023-03-13,2.6,2.75,2.6,2.6,706854,EQ,313.0,2258.32,422998.0
2023-03-14,2.6,2.65,2.5,2.6,227678,EQ,240.0,948.66,129126.0
2023-03-15,2.65,2.65,2.55,2.6,192703,EQ,165.0,1167.9,163916.0
2023-03-16,2.65,2.65,2.55,2.55,200928,EQ,191.0,1051.98,86370.0
2023-03-17,2.6,2.65,2.5,2.6,534874,EQ,259.0,2065.15,306919.0
2023-03-20,2.6,2.65,2.5,2.55,238244,EQ,189.0,1260.55,203283.0
2023-03-21,2.55,2.65,2.45,2.65,892867,EQ,249.0,3585.81,485665.0
2023-03-22,2.65,2.75,2.55,2.75,762987,EQ,321.0,2376.91,510432.0
2023-03-23,2.8,2.85,2.65,2.65,237282,EQ,138.0,1719.43,237131.0
2023-03-24,2.6,2.65,2.55,2.55,332551,EQ,239.0,1391.43,258724.0
2023-03-27,2.65,2.65,2.55,2.6,601891,EQ,292.0,2061.27,347696.0
2023-03-28,2.55,2.65,2.5,2.5,298745,EQ,188.0,1589.07,174273.0
2023-03-29,2.55,2.55,2.45,2.45,258652,EQ,242.0,1068.81,228417.0
2023-03-31,2.5,2.55,2.4,2.45,1424554,EQ,273.0,5218.15,1259749.0
2023-04-03,2.45,2.5,2.4,2.4,424075,EQ,241.0,1759.65,327725.0
2023-04-05,2.45,2.5,2.45,2.5,86773,EQ,36.0,2410.36,86209.0
2023-04-06,2.55,2.6,2.45,2.5,700700,EQ,293.0,2391.47,341062.0
2023-04-10,2.45,2.55,2.45,2.45,169564,EQ,148.0,1145.7,144842.0
2023-04-11,2.5,2.6,2.4,2.45,389349,EQ,197.0,1976.39,183926.0
2023-04-12,2.5,2.5,2.45,2.45,78595,EQ,96.0,818.7,54137.0
2023-04-13,2.5,2.65,2.4,2.65,738042,EQ,309.0,2388.49,388219.0
2023-04-17,2.6,2.65,2.5,2.6,287350,EQ,234.0,1227.99,192206.0
2023-04-18,2.65,2.65,2.5,2.55,89131,EQ,120.0,742.76,47106.0
2023-04-19,2.55,2.65,2.5,2.55,72167,EQ,128.0,563.8,70369.0
2023-04-20,2.6,2.8,2.5,2.75,1308137,EQ,339.0,3858.81,892799.0
2023-04-21,2.75,3.0,2.7,2.9,565311,EQ,275.0,2055.68,386550.0
2023-04-24,3.0,3.0,2.65,2.65,4884183,EQ,805.0,6067.31,3960404.0
2023-04-25,2.75,2.9,2.55,2.6,2493536,EQ,948.0,2630.31,1032644.0
2023-04-26,2.65,2.8,2.55,2.65,827705,EQ,275.0,3009.84,255096.0
2023-04-27,2.7,2.75,2.45,2.5,933141,EQ,363.0,2570.64,652339.0
2023-04-28,2.5,2.75,2.5,2.7,886687,EQ,1058.0,838.08,543310.0
2023-05-02,2.8,2.9,2.65,2.7,724811,EQ,386.0,1877.75,563988.0
2023-05-03,2.7,2.75,2.6,2.65,368285,EQ,240.0,1534.52,275618.0
2023-05-04,2.65,2.7,2.55,2.6,449315,EQ,196.0,2292.42,339723.0
2023-05-05,2.65,2.65,2.55,2.6,287099,EQ,165.0,1739.99,234095.0
2023-05-08,2.55,2.75,2.55,2.65,518033,EQ,253.0,2047.56,307903.0
2023-05-09,2.7,2.7,2.6,2.65,276850,EQ,146.0,1896.23,139597.0
2023-05-10,2.6,2.9,2.55,2.6,3334610,EQ,667.0,4999.42,3200435.0
2023-05-11,2.8,2.85,2.75,2.85,900227,EQ,368.0,2446.27,780575.0
2023-05-12,2.85,3.0,2.85,2.9,885975,EQ,385.0,2301.23,662203.0
2023-05-15,2.95,2.95,2.75,2.9,1872102,EQ,500.0,3744.2,812802.0
2023-05-16,2.95,2.95,2.8,2.85,557035,EQ,220.0,2531.98,159799.0
2023-05-17,2.8,2.95,2.75,2.85,577576,EQ,226.0,2555.65,327921.0
2023-05-18,2.9,3.1,2.85,3.1,6712755,EQ,1157.0,5801.86,4260401.0
2023-05-19,3.25,3.25,2.8,3.0,2437410,EQ,680.0,3584.43,948255.0
2023-05-22,2.9,3.0,2.8,2.85,1024545,EQ,368.0,2784.09,529799.0
2023-05-23,2.8,2.9,2.65,2.85,3319283,EQ,376.0,8827.88,2613396.0
2023-05-24,2.85,3.1,2.65,3.0,3323826,EQ,844.0,3938.18,1764094.0
2023-05-25,3.05,3.05,2.85,2.95,483377,EQ,232.0,2083.52,249638.0
2023-05-26,2.95,3.0,2.9,2.95,155947,EQ,137.0,1138.3,143326.0
2023-05-29,2.95,3.1,2.85,3.0,1297881,EQ,368.0,3526.85,478531.0
2023-05-30,3.1,3.1,2.95,3.0,149216,EQ,163.0,915.44,112601.0
2023-05-31,3.0,3.2,2.95,3.1,1000350,EQ,462.0,2165.26,640506.0
2023-06-01,3.2,3.2,2.95,3.0,1077994,EQ,442.0,2438.9,727647.0
2023-06-02,3.0,3.3,2.95,3.25,8492810,EQ,1021.0,8318.13,5765349.0
2023-06-05,3.4,3.55,3.15,3.15,2744596,EQ,1133.0,2422.41,1748869.0
2023-06-06,3.2,3.4,2.85,2.85,12066214,EQ,1370.0,8807.46,6666060.0
2023-06-07,2.75,2.8,2.5,2.75,9902938,EQ,1842.0,5376.19,5409077.0
2023-06-08,2.8,2.95,2.7,2.7,1773494,EQ,657.0,2699.38,1277446.0
2023-06-09,2.8,2.8,2.7,2.75,1342569,EQ,444.0,3023.8,647591.0
2023-06-12,2.8,2.8,2.65,2.7,829862,EQ,414.0,2004.5,683844.0
2023-06-13,2.75,2.85,2.7,2.75,1534479,EQ,425.0,3610.54,1140773.0
2023-06-14,2.8,2.85,2.7,2.75,1031090,EQ,332.0,3105.69,754324.0
2023-06-15,2.8,2.8,2.7,2.75,534528,EQ,226.0,2365.17,303086.0
2023-06-16,2.8,2.8,2.7,2.8,500484,EQ,221.0,2264.63,360944.0
2023-06-19,2.8,2.85,2.75,2.8,818218,EQ,347.0,2357.98,538516.0
2023-06-20,2.75,3.25,2.7,3.0,3342401,EQ,728.0,4591.21,2028100.0
2023-06-21,3.0,3.05,2.85,3.0,1338703,EQ,601.0,2227.46,859193.0
2023-06-22,3.0,3.0,2.85,2.9,549524,EQ,297.0,1850.25,376337.0
2023-06-23,2.95,2.95,2.8,2.85,362880,EQ,270.0,1344.0,268221.0
2023-06-26,2.85,2.85,2.75,2.85,238557,EQ,190.0,1255.56,202228.0
2023-06-27,2.8,3.1,2.75,3.0,1373965,EQ,486.0,2827.09,1157250.0
2023-06-28,3.0,3.05,2.9,2.95,349715,EQ,218.0,1604.2,243669.0
2023-06-30,3.0,3.05,2.9,2.95,789017,EQ,322.0,2450.36,642264.0
2023-07-03,2.95,3.35,2.85,3.1,1768910,EQ,606.0,2918.99,1372203.0
2023-07-04,3.0,3.6,3.0,3.4,2870228,EQ,1122.0,2558.14,1807719.0
2023-07-05,3.5,3.55,3.2,3.3,1540800,EQ,733.0,2102.05,994664.0
2023-07-06,3.25,3.9,3.25,3.75,3491091,EQ,1267.0,2755.4,2636667.0
2023-07-07,3.9,4.2,3.2,3.25,10318580,EQ,3666.0,2814.67,6670781.0
2023-07-10,3.3,3.4,3.2,3.2,1130189,EQ,706.0,1600.83,751184.0
2023-07-11,3.2,3.35,3.1,3.15,2627635,EQ,673.0,3904.36,1527828.0
2023-07-12,3.2,3.25,3.1,3.15,759843,EQ,332.0,2288.68,428899.0
2023-07-13,3.2,3.2,3.1,3.15,500976,EQ,207.0,2420.17,372471.0
2023-07-14,3.2,3.3,3.0,3.05,1761355,EQ,396.0,4447.87,1157434.0
2023-07-17,3.05,3.1,2.95,3.05,857204,EQ,299.0,2866.9,545138.0
2023-07-18,3.05,3.05,3.0,3.0,630451,EQ,238.0,2648.95,404015.0
2023-07-19,3.0,3.05,2.95,3.0,537694,EQ,182.0,2954.36,371521.0
2023-07-20,3.0,3.6,3.0,3.6,6415188,EQ,1002.0,6402.38,3412065.0
2023-07-21,3.5,4.2,3.15,3.4,20741006,EQ,5260.0,3943.16,7147733.0
2023-07-24,3.3,3.5,3.0,3.1,11021901,EQ,2723.0,4047.71,5738448.0
2023-07-25,3.15,3.2,2.95,3.0,4039090,EQ,1575.0,2564.5,2499789.0
2023-07-26,3.1,3.55,3.05,3.4,6986857,EQ,2823.0,2474.98,3167741.0
2023-07-27,3.6,3.6,2.95,3.0,15432814,EQ,3869.0,3988.84,8771739.0
2023-07-28,3.1,3.15,3.0,3.05,2736271,EQ,1177.0,2324.78,1415993.0
2023-07-31,3.15,3.2,3.05,3.15,2582028,EQ,847.0,3048.44,1795357.0
2023-08-01,3.15,3.15,2.75,2.85,17793673,EQ,3768.0,4722.31,9030611.0
2023-08-02,2.9,2.95,2.85,2.95,1976460,EQ,929.0,2127.51,1312331.0
2023-08-03,2.95,3.05,2.85,2.95,1874636,EQ,719.0,2607.28,744665.0
2023-08-04,2.95,3.0,2.75,2.8,5467344,EQ,1215.0,4499.87,3076648.0
2023-08-07,2.85,3.0,2.75,2.85,11840604,EQ,2887.0,4101.35,5604823.0
2023-08-08,2.85,2.95,2.75,2.8,5183003,EQ,1347.0,3847.81,3265112.0
2023-08-09,2.85,2.9,2.8,2.9,1239122,EQ,544.0,2277.8,912327.0
2023-08-10,2.9,2.95,2.75,2.8,6972478,EQ,1187.0,5874.03,4997915.0
2023-08-11,2.8,2.85,2.75,2.8,2473242,EQ,682.0,3626.45,1682915.0
2023-08-14,2.85,2.85,2.75,2.75,1513230,EQ,400.0,3783.08,1097133.0
2023-08-16,2.8,2.85,2.75,2.8,1437604,EQ,384.0,3743.76,729350.0
2023-08-17,2.8,2.85,2.75,2.8,730556,EQ,268.0,2725.96,325502.0
2023-08-18,2.85,2.85,2.75,2.8,776482,EQ,244.0,3182.3,605947.0
2023-08-21,2.85,2.85,2.75,2.8,602407,EQ,262.0,2299.26,381121.0
2023-08-22,2.85,2.85,2.75,2.8,984355,EQ,271.0,3632.31,581233.0
2023-08-23,2.8,2.85,2.8,2.8,901639,EQ,275.0,3278.69,546040.0
2023-08-24,2.85,2.85,2.75,2.8,748432,EQ,243.0,3079.97,411289.0
2023-08-25,2.8,2.8,2.75,2.75,915588,EQ,262.0,3494.61,765564.0
2023-08-28,2.8,2.8,2.7,2.7,1878304,EQ,367.0,5117.99,1068950.0
2023-08-29,2.7,2.75,2.7,2.7,704448,EQ,300.0,2348.16,432383.0
2023-08-30,2.75,2.75,2.7,2.7,703918,EQ,271.0,2597.48,434927.0
2023-08-31,2.75,2.75,2.6,2.6,1776471,EQ,500.0,3552.94,1232194.0
2023-09-01,2.65,2.85,2.6,2.8,3486260,EQ,781.0,4463.84,2557838.0
2023-09-04,2.85,2.95,2.8,2.9,1945397,EQ,637.0,3054.0,1579160.0
2023-09-05,2.95,3.0,2.9,2.9,1430484,EQ,477.0,2998.92,975867.0
2023-09-06,2.95,2.95,2.75,2.75,2470265,EQ,496.0,4980.37,1843766.0
2023-09-07,2.8,2.85,2.8,2.85,954767,EQ,387.0,2467.1,599898.0
2023-09-08,2.85,2.9,2.8,2.9,1180841,EQ,448.0,2635.81,780893.0
2023-09-11,2.9,2.95,2.85,2.85,1782554,EQ,582.0,3062.81,1042925.0
2023-09-12,2.9,3.15,2.8,2.85,4535535,EQ,860.0,5273.88,1917761.0
2023-09-13,2.85,2.9,2.8,2.8,887044,EQ,384.0,2310.01,605715.0
2023-09-14,2.8,2.9,2.8,2.8,790109,EQ,284.0,2782.07,503838.0
2023-09-15,2.85,2.9,2.8,2.85,934784,EQ,421.0,2220.39,590857.0
2023-09-18,2.85,2.9,2.8,2.85,534451,EQ,401.0,1332.8,447991.0
2023-09-20,2.85,2.85,2.75,2.8,1094460,EQ,521.0,2100.69,584639.0
2023-09-21,2.75,2.8,2.75,2.75,417885,EQ,241.0,1733.96,261282.0
2023-09-22,2.75,2.8,2.75,2.75,612923,EQ,268.0,2287.03,355490.0
2023-09-25,2.8,2.8,2.7,2.7,679134,EQ,309.0,2197.84,296400.0
2023-09-26,2.75,2.75,2.7,2.7,479846,EQ,273.0,1757.68,278094.0
2023-09-27,2.7,2.8,2.7,2.75,792066,EQ,255.0,3106.14,475522.0
2023-09-28,2.75,2.8,2.7,2.7,227187,EQ,224.0,1014.23,212773.0
2023-09-29,2.75,2.75,2.7,2.7,228591,EQ,188.0,1215.91,127042.0
2023-10-03,2.75,2.75,2.65,2.7,417208,EQ,308.0,1354.57,351902.0
2023-10-04,2.7,2.7,2.65,2.7,262569,EQ,265.0,990.83,127803.0
2023-10-05,2.7,2.85,2.65,2.8,1309687,EQ,493.0,2656.57,617474.0
2023-10-06,2.8,2.85,2.75,2.8,743489,EQ,337.0,2206.2,391179.0
2023-10-09,2.75,3.05,2.7,2.9,4023198,EQ,1012.0,3975.49,2013385.0
2023-10-10,2.95,3.0,2.85,2.9,1211280,EQ,343.0,3531.43,704902.0
2023-10-11,2.95,3.0,2.9,3.0,1124409,EQ,599.0,1877.14,793577.0
2023-10-12,3.0,3.1,2.95,3.0,1350037,EQ,535.0,2523.43,685548.0
2023-10-13,3.0,3.0,2.85,2.9,2359633,EQ,528.0,4469.0,1117145.0
2023-10-16,2.95,3.0,2.85,2.9,1856539,EQ,568.0,3268.55,897041.0
2023-10-17,2.9,3.0,2.8,2.8,1257672,EQ,596.0,2110.19,748555.0
2023-10-18,2.85,2.85,2.75,2.8,1619981,EQ,456.0,3552.59,759907.0
2023-10-19,2.85,2.85,2.75,2.8,886674,EQ,337.0,2631.08,459072.0
2023-10-20,2.85,2.85,2.75,2.8,591895,EQ,288.0,2055.19,337879.0
2023-10-23,2.85,2.9,2.65,2.7,2004811,EQ,707.0,2835.66,926034.0
2023-10-25,2.7,2.75,2.6,2.65,788335,EQ,477.0,1652.69,452233.0
2023-10-26,2.65,2.7,2.55,2.65,1000628,EQ,548.0,1825.96,584043.0
2023-10-27,2.65,2.85,2.6,2.75,1351559,EQ,437.0,3092.81,654842.0
2023-10-30,2.7,2.75,2.6,2.6,3517489,EQ,862.0,4080.61,1911765.0
2023-10-31,2.6,2.7,2.6,2.65,1155525,EQ,328.0,3522.94,667258.0
2023-11-01,2.65,2.65,2.6,2.6,572610,EQ,214.0,2675.75,382068.0
2023-11-02,2.65,2.7,2.6,2.65,1542200,EQ,299.0,5157.86,812360.0
2023-11-03,2.7,2.75,2.65,2.7,511012,EQ,268.0,1906.76,304765.0
2023-11-06,2.7,2.7,2.65,2.7,464547,EQ,270.0,1720.54,400427.0
2023-11-07,2.7,2.7,2.65,2.65,406365,EQ,229.0,1774.52,379010.0
2023-11-08,2.7,2.75,2.65,2.75,1173979,EQ,349.0,3363.84,844617.0
2023-11-09,2.75,2.75,2.7,2.75,539595,EQ,278.0,1940.99,305761.0
2023-11-10,2.7,2.8,2.7,2.8,1606244,EQ,406.0,3956.27,892268.0
2023-11-12,2.85,2.9,2.8,2.8,1046710,EQ,402.0,2603.76,601412.0
2023-11-13,2.85,2.9,2.8,2.9,996478,EQ,408.0,2442.35,607023.0
2023-11-15,2.9,3.3,2.9,3.2,10459263,EQ,2136.0,4896.66,5387527.0
2023-11-16,3.3,3.5,3.25,3.35,8033471,EQ,2185.0,3676.65,3739222.0
2023-11-17,3.4,3.45,3.25,3.3,6876475,EQ,2016.0,3410.95,3717207.0
2023-11-20,3.35,3.4,3.2,3.3,4022865,EQ,1161.0,3465.0,1948171.0
2023-11-21,3.35,3.35,3.1,3.15,2937892,EQ,797.0,3686.19,1351575.0
2023-11-22,3.1,3.15,2.95,3.05,3263984,EQ,909.0,3590.74,1056031.0
2023-11-23,3.05,3.1,3.0,3.05,785875,EQ,474.0,1657.96,309752.0
2023-11-24,3.05,3.1,2.9,2.95,2134067,EQ,947.0,2253.5,1199238.0
2023-11-28,2.95,3.3,2.95,3.25,5520108,EQ,2165.0,2549.7,2932595.0
2023-11-29,3.35,3.5,3.3,3.3,5540286,EQ,1635.0,3388.55,2501648.0
2023-11-30,3.35,3.45,3.25,3.25,2394690,EQ,979.0,2446.06,1070253.0
2023-12-01,3.35,3.45,3.25,3.35,5526389,EQ,1073.0,5150.41,1821623.0
2023-12-04,3.4,3.6,3.1,3.2,8776527,EQ,1655.0,5303.04,3335048.0
2023-12-05,3.2,3.25,3.15,3.2,2499607,EQ,882.0,2834.02,1313814.0
2023-12-06,3.25,3.3,3.15,3.2,3029150,EQ,988.0,3065.94,1706555.0
2023-12-07,3.25,3.35,3.15,3.3,1825185,EQ,872.0,2093.1,991298.0
2023-12-08,3.35,3.35,3.2,3.25,1573280,EQ,812.0,1937.54,934396.0
2023-12-11,3.3,3.3,3.2,3.25,1520995,EQ,1090.0,1395.41,1012288.0
2023-12-12,3.3,3.45,3.25,3.3,2903500,EQ,1102.0,2634.75,1438118.0
2023-12-13,3.4,3.45,3.3,3.3,2155811,EQ,745.0,2893.71,1574415.0
2023-12-14,3.4,3.4,3.3,3.3,1031582,EQ,638.0,1616.9,658803.0
2023-12-15,3.3,3.4,3.2,3.3,2774750,EQ,728.0,3811.47,1327847.0
2023-12-18,3.35,3.4,3.3,3.3,1623351,EQ,769.0,2110.99,1151659.0
2023-12-19,3.3,3.4,3.3,3.35,1258022,EQ,686.0,1833.85,739446.0
2023-12-20,3.4,4.0,3.35,3.65,31686866,EQ,5745.0,5515.56,7860588.0
2023-12-21,3.65,4.1,3.5,3.85,6529030,EQ,3292.0,1983.3,3624571.0
2023-12-22,3.9,4.6,3.9,4.6,15550612,EQ,4835.0,3216.26,7142709.0
2023-12-26,5.1,5.5,4.85,5.25,32068568,EQ,13779.0,2327.35,14194169.0
2023-12-27,5.5,5.5,4.75,4.75,15939472,EQ,7377.0,2160.7,8005029.0
2023-12-28,4.6,4.9,4.55,4.55,1472498,BE,1382.0,1065.48,1472498.0
2023-12-29,4.35,4.5,4.35,4.35,636644,BE,1053.0,604.6,636644.0
2024-01-01,4.15,4.25,4.15,4.15,1214675,BE,1701.0,714.09,1214675.0
2024-01-02,4.15,4.35,4.15,4.35,2243953,BE,1412.0,1589.2,2243953.0
2024-01-03,4.55,4.55,4.55,4.55,881017,BE,457.0,1927.83,881017.0
2024-01-04,4.75,4.75,4.75,4.75,1372432,BE,1100.0,1247.67,1372432.0
2024-01-05,4.95,4.95,4.8,4.9,2355050,BE,2249.0,1047.15,2355050.0
2024-01-08,5.1,5.1,5.0,5.1,1908251,BE,2168.0,880.19,1908251.0
2024-01-09,5.0,5.0,5.0,5.0,301200,BE,381.0,790.55,301200.0
2024-01-10,4.9,4.9,4.9,4.9,330975,BE,261.0,1268.1,330975.0
2024-01-11,4.8,4.8,4.8,4.8,195246,BE,254.0,768.69,195246.0
2024-01-12,4.7,4.7,4.7,4.7,186297,BE,278.0,670.13,186297.0
2024-01-15,4.6,4.6,4.6,4.6,514118,BE,571.0,900.38,514118.0
2024-01-16,4.5,4.5,4.5,4.5,823952,BE,581.0,1418.16,823952.0
2024-01-17,4.45,4.45,4.45,4.45,199376,BE,304.0,655.84,199376.0
2024-01-18,4.4,4.4,4.4,4.4,233943,BE,214.0,1093.19,233943.0
2024-01-19,4.45,4.45,4.45,4.45,1262507,BE,650.0,1942.32,1262507.0
2024-01-20,4.45,4.45,4.4,4.4,375078,BE,382.0,981.88,375078.0
2024-01-23,4.35,4.35,4.35,4.35,143629,BE,222.0,646.98,143629.0
2024-01-24,4.3,4.3,4.3,4.3,248630,BE,201.0,1236.97,248630.0
2024-01-25,4.25,4.25,4.25,4.25,93155,BE,234.0,398.1,93155.0
2024-01-29,4.2,4.2,4.2,4.2,216682,BE,278.0,779.43,216682.0
2024-01-30,4.15,4.15,4.15,4.15,318868,BE,381.0,836.92,318868.0
2024-01-31,4.1,4.1,4.1,4.1,623882,BE,367.0,1699.95,623882.0
2024-02-01,4.05,4.05,4.05,4.05,537782,BE,296.0,1816.83,537782.0
2024-02-02,4.0,4.05,4.0,4.05,1234411,BE,605.0,2040.35,1234411.0
2024-02-05,4.0,4.0,4.0,4.0,320613,BE,354.0,905.69,320613.0
2024-02-06,3.95,3.95,3.95,3.95,417148,BE,486.0,858.33,417148.0
2024-02-07,3.9,3.9,3.9,3.9,271848,BE,417.0,651.91,271848.0
2024-02-08,3.85,3.85,3.85,3.85,161827,BE,389.0,416.01,161827.0
2024-02-09,3.8,3.8,3.8,3.8,204555,BE,262.0,780.74,204555.0
2024-02-12,3.75,3.75,3.75,3.75,168157,BE,218.0,771.36,168157.0
2024-02-13,3.7,3.7,3.7,3.7,137483,BE,142.0,968.19,137483.0
2024-02-14,3.65,3.65,3.65,3.65,185469,BE,172.0,1078.31,185469.0
2024-02-15,3.6,3.6,3.6,3.6,179616,BE,208.0,863.54,179616.0
2024-02-16,3.55,3.55,3.55,3.55,315136,BE,254.0,1240.69,315136.0
2024-02-19,3.55,3.7,3.45,3.7,650022,BE,680.0,955.91,650022.0
2024-02-20,3.85,3.85,3.8,3.85,3678480,BE,2166.0,1698.28,3678480.0
2024-02-21,3.85,4.0,3.65,3.65,1108688,BE,1324.0,837.38,1108688.0
2024-02-22,3.7,3.8,3.5,3.8,1357491,BE,1339.0,1013.81,1357491.0
2024-02-23,3.8,3.95,3.8,3.9,1290209,BE,1378.0,936.29,1290209.0
2024-02-26,3.95,3.95,3.7,3.8,764896,BE,1554.0,492.21,764896.0
2024-02-27,3.9,3.9,3.7,3.75,831950,BE,899.0,925.42,831950.0
2024-02-28,3.8,3.8,3.7,3.7,974315,BE,851.0,1144.91,974315.0
2024-02-29,3.65,3.85,3.65,3.85,803756,BE,423.0,1900.13,803756.0
2024-03-01,3.9,4.0,3.85,4.0,751542,BE,1217.0,617.54,751542.0
2024-03-02,4.1,4.15,3.9,4.05,242104,BE,698.0,346.85,242104.0
2024-03-04,4.15,4.2,3.85,4.0,713427,BE,1535.0,464.77,713427.0
2024-03-05,4.1,4.15,3.8,3.8,710664,BE,1156.0,614.76,710664.0
2024-03-06,3.9,3.9,3.65,3.65,342166,BE,990.0,345.62,342166.0
2024-03-07,3.7,3.75,3.5,3.6,871378,BE,1399.0,622.86,871378.0
2024-03-11,3.7,3.75,3.45,3.5,502978,BE,1474.0,341.23,502978.0
2024-03-12,3.5,3.5,3.35,3.35,411992,BE,855.0,481.86,411992.0
2024-03-13,3.2,3.2,3.2,3.2,232854,BE,628.0,370.79,232854.0
2024-03-14,3.05,3.35,3.05,3.1,1430153,BE,1195.0,1196.78,1430153.0
2024-03-15,3.15,3.15,3.0,3.05,834038,BE,833.0,1001.25,834038.0
2024-03-18,3.1,3.1,2.95,3.05,583487,BE,948.0,615.49,583487.0
2024-03-19,3.05,3.1,2.9,2.95,698399,BE,805.0,867.58,698399.0
2024-03-20,3.0,3.05,2.9,3.0,702422,BE,644.0,1090.72,702422.0
2024-03-21,3.05,3.15,3.0,3.1,500742,BE,666.0,751.86,500742.0
2024-03-22,3.2,3.25,3.0,3.25,290640,BE,511.0,568.77,290640.0
2024-03-26,3.4,3.4,3.1,3.2,1404258,BE,1000.0,1404.26,1404258.0
2024-03-27,3.2,3.2,3.05,3.05,988664,BE,722.0,1369.34,988664.0
2024-03-28,3.1,3.1,2.95,2.95,629093,BE,818.0,769.06,629093.0
2024-04-01,3.15,3.2,3.1,3.2,621125,EQ,503.0,1234.84,486899.0
2024-04-02,3.45,3.5,3.3,3.45,3023975,EQ,1255.0,2409.54,1539129.0
2024-04-03,3.45,3.5,3.35,3.5,1490706,EQ,1194.0,1248.5,948344.0
2024-04-04,3.5,3.6,3.45,3.5,1853125,EQ,1221.0,1517.71,947879.0
2024-04-05,3.5,3.65,3.45,3.55,756376,EQ,800.0,945.47,634808.0
2024-04-08,3.65,3.9,3.55,3.85,6161360,EQ,2304.0,2674.2,2898953.0
2024-04-09,3.9,4.2,3.85,4.0,6937596,EQ,2175.0,3189.7,3907592.0
2024-04-10,4.0,4.15,3.65,3.8,2919146,EQ,2476.0,1178.98,1584518.0
2024-04-12,3.8,3.8,3.55,3.7,1448647,EQ,1155.0,1254.24,754573.0
2024-04-15,3.6,3.75,3.4,3.6,1947814,EQ,1395.0,1396.28,1131901.0
2024-04-16,3.6,3.8,3.45,3.65,2045809,EQ,1005.0,2035.63,1229855.0
2024-04-18,3.65,3.8,3.6,3.65,2284494,EQ,1104.0,2069.29,1222325.0
2024-04-19,3.6,3.75,3.45,3.65,2297048,EQ,930.0,2469.94,1385792.0
2024-04-22,3.75,3.75,3.6,3.7,1357308,EQ,1116.0,1216.23,977870.0
2024-04-23,3.7,3.7,3.6,3.6,980653,EQ,945.0,1037.73,584454.0
2024-04-24,3.6,3.65,3.55,3.55,891954,EQ,897.0,994.37,582490.0
2024-04-25,3.55,3.6,3.5,3.55,675597,EQ,858.0,787.41,467420.0
2024-04-26,3.55,3.9,3.5,3.8,3024301,EQ,1549.0,1952.42,1793525.0
2024-04-29,3.85,3.9,3.7,3.75,828401,EQ,1613.0,513.58,618891.0
2024-04-30,3.8,4.05,3.7,4.0,4728659,EQ,2149.0,2200.4,2580196.0
2024-05-02,4.1,4.4,4.0,4.2,13004258,EQ,4442.0,2927.57,7862942.0
2024-05-03,4.2,4.2,3.95,4.05,4088299,EQ,2187.0,1869.36,2027404.0
2024-05-06,4.1,4.1,3.85,3.9,2142195,EQ,1548.0,1383.85,1225132.0
2024-05-07,3.9,3.95,3.55,3.85,2660178,EQ,1534.0,1734.14,1452731.0
2024-05-08,3.95,4.1,3.9,4.0,929463,EQ,1022.0,909.45,684329.0
2024-05-09,4.0,4.05,3.8,3.8,1015072,EQ,997.0,1018.13,804430.0
2024-05-10,3.9,3.9,3.75,3.8,742295,EQ,853.0,870.22,522252.0
2024-05-13,3.85,3.85,3.6,3.65,996035,EQ,1403.0,709.93,672431.0
2024-05-14,3.7,3.8,3.65,3.75,1729850,EQ,1154.0,1499.0,1224098.0
2024-05-15,3.8,3.8,3.7,3.7,780791,EQ,924.0,845.01,541683.0
2024-05-16,3.8,3.9,3.75,3.8,715509,EQ,842.0,849.77,458318.0
2024-05-17,3.85,3.9,3.75,3.8,1035111,EQ,1146.0,903.24,690431.0
2024-05-18,3.95,3.95,3.8,3.9,186251,EQ,445.0,418.54,131602.0
2024-05-21,3.9,3.95,3.85,3.9,969024,EQ,1484.0,652.98,611955.0
2024-05-22,3.95,4.0,3.85,3.95,1956824,EQ,1325.0,1476.85,1245584.0
2024-05-23,3.95,4.0,3.9,3.95,791726,EQ,1079.0,733.76,491462.0
2024-05-24,3.95,4.0,3.8,3.8,1833005,EQ,1161.0,1578.82,1086359.0
2024-05-27,3.85,4.15,3.7,4.15,4832878,EQ,2073.0,2331.34,2888112.0
2024-05-28,4.2,4.45,4.0,4.3,5680078,EQ,2519.0,2254.89,3635582.0
2024-05-29,4.25,4.3,4.1,4.2,2034575,EQ,1189.0,1711.16,1457778.0
2024-05-30,4.2,4.5,4.1,4.35,4994371,EQ,2151.0,2321.88,3575924.0
2024-05-31,4.4,4.6,4.4,4.4,2945588,EQ,2014.0,1462.56,1909364.0
2024-06-03,4.55,4.6,4.4,4.4,2615764,EQ,2550.0,1025.79,2137001.0
2024-06-04,4.45,4.5,4.0,4.0,4833763,EQ,2331.0,2073.69,2724037.0
2024-06-05,3.9,4.2,3.65,4.05,3025476,EQ,2004.0,1509.72,1871808.0
2024-06-06,4.15,4.15,4.0,4.05,1396355,EQ,1358.0,1028.24,897707.0
2024-06-07,4.1,4.15,4.0,4.05,1113398,EQ,998.0,1115.63,703471.0
2024-06-10,4.05,4.19,3.97,4.12,1282313,EQ,1510.0,849.21,734772.0
2024-06-11,4.19,4.29,4.0,4.16,1728607,EQ,1880.0,919.47,1071994.0
2024-06-12,4.19,4.26,4.12,4.17,770411,EQ,1899.0,405.69,544792.0
2024-06-13,4.25,4.37,4.1,4.15,734465,EQ,1601.0,458.75,506006.0
2024-06-14,4.18,4.21,4.09,4.14,530666,EQ,1482.0,358.07,385448.0
2024-06-18,4.2,4.27,4.1,4.12,645217,EQ,1408.0,458.25,424188.0
2024-06-19,4.12,4.51,3.72,4.11,2308959,EQ,2651.0,870.98,1448788.0
2024-06-20,4.12,4.23,4.11,4.13,953596,EQ,1962.0,486.03,641337.0
2024-06-21,4.19,4.19,4.05,4.06,715739,EQ,1507.0,474.94,439679.0
2024-06-24,4.11,4.11,3.97,4.04,773697,EQ,1704.0,454.05,559154.0
2024-06-25,4.04,4.1,3.97,3.99,659722,EQ,1325.0,497.9,463101.0
2024-06-26,4.0,4.08,3.9,3.99,1127527,EQ,1384.0,814.69,770863.0
2024-06-27,4.09,4.09,3.9,3.97,1015934,EQ,1337.0,759.86,767866.0
2024-06-28,4.03,4.05,3.96,3.98,605726,EQ,1190.0,509.01,351937.0
2024-07-01,4.01,4.04,3.95,3.97,902547,EQ,1852.0,487.34,738331.0
2024-07-02,4.0,4.01,3.72,3.94,769465,EQ,1476.0,521.32,485871.0
2024-07-03,4.0,4.04,3.9,3.93,1217799,EQ,1717.0,709.26,828422.0
2024-07-04,3.98,4.06,3.93,4.04,1354794,EQ,2300.0,589.04,1007819.0
2024-07-05,4.03,4.27,4.03,4.16,2412076,EQ,2515.0,959.08,1684565.0
2024-07-08,4.26,4.36,4.03,4.32,2182929,EQ,3006.0,726.19,1501183.0
2024-07-09,4.4,4.56,4.39,4.49,4614493,EQ,2978.0,1549.53,3683279.0
2024-07-10,4.5,4.56,4.24,4.31,1363049,EQ,1798.0,758.09,995391.0
2024-07-11,4.29,4.68,4.2,4.62,3661791,EQ,4203.0,871.23,2555770.0
2024-07-12,4.75,4.75,4.41,4.53,2128685,EQ,2232.0,953.71,1334969.0
2024-07-15,4.49,4.6,4.43,4.53,1287055,EQ,2836.0,453.83,927478.0
2024-07-16,4.62,4.62,4.52,4.57,948743,EQ,1555.0,610.12,715718.0
2024-07-18,4.59,4.7,4.53,4.58,1492891,EQ,2095.0,712.6,1119620.0
2024-07-19,4.7,4.7,4.5,4.58,1315298,EQ,1700.0,773.7,987209.0
2024-07-22,4.6,4.7,4.58,4.61,4420834,EQ,2348.0,1882.81,4028057.0
2024-07-23,4.62,4.67,4.51,4.57,936462,EQ,1356.0,690.61,722873.0
2024-07-24,4.62,5.02,4.55,4.7,9008530,EQ,4824.0,1867.44,4779813.0
2024-07-25,4.73,5.01,4.66,4.81,3911671,EQ,3889.0,1005.83,2090815.0
2024-07-26,4.9,5.01,4.81,4.88,3760949,EQ,3186.0,1180.46,2465770.0
2024-07-29,5.02,5.36,4.89,5.0,20306057,EQ,9274.0,2189.57,12101784.0
2024-07-30,5.41,5.5,4.98,5.01,27342873,EQ,10890.0,2510.82,13291952.0
2024-07-31,5.24,5.43,4.99,5.06,14713160,EQ,10004.0,1470.73,8401493.0
2024-08-01,5.06,5.56,5.06,5.55,25483004,EQ,14037.0,1815.42,14852333.0
2024-08-02,5.55,6.1,5.11,6.09,27386908,EQ,14065.0,1947.17,16649265.0
2024-08-05,5.99,6.69,5.56,6.69,33377342,EQ,27859.0,1198.08,14088579.0
2024-08-06,7.01,7.02,6.9,7.02,4502003,EQ,4493.0,1002.0,3665646.0
2024-08-07,7.37,7.37,6.66,6.66,24831118,EQ,14316.0,1734.5,14703400.0
2024-08-08,6.32,6.32,6.32,6.32,1141766,BE,1881.0,607.0,1141766.0
2024-08-09,6.0,6.0,6.0,6.0,1363239,BE,1798.0,758.2,1363239.0
2024-08-12,5.7,5.7,5.7,5.7,1227539,BE,1976.0,621.22,1227539.0
2024-08-13,5.41,5.98,5.41,5.98,5015242,BE,2386.0,2101.95,5015242.0
2024-08-14,6.27,6.27,5.76,5.88,6644565,BE,5169.0,1285.46,6644565.0
2024-08-16,6.0,6.08,5.66,5.72,2212511,BE,3353.0,659.86,2212511.0
2024-08-19,5.7,6.0,5.48,5.99,2899130,BE,3862.0,750.68,2899130.0
2024-08-20,6.1,6.15,5.95,6.04,2767413,BE,2708.0,1021.94,2767413.0
2024-08-21,6.06,6.15,5.9,5.99,1646282,BE,2646.0,622.18,1646282.0
2024-08-22,6.2,6.28,6.1,6.28,2565639,BE,2471.0,1038.3,2565639.0
2024-08-23,6.4,6.59,6.39,6.59,1943335,BE,1711.0,1135.79,1943335.0
2024-08-26,6.8,6.85,6.27,6.74,5148974,BE,5120.0,1005.66,5148974.0
2024-08-27,6.6,6.6,6.6,6.6,344676,BE,461.0,747.67,344676.0
2024-08-28,6.46,6.46,6.46,6.46,159515,BE,329.0,484.85,159515.0
2024-08-29,6.33,6.33,6.33,6.33,70850,BE,271.0,261.44,70850.0
2024-08-30,6.2,6.2,6.2,6.2,127144,BE,307.0,414.15,127144.0
2024-09-02,6.07,6.07,6.07,6.07,130098,BE,360.0,361.38,130098.0
2024-09-03,5.94,5.94,5.94,5.94,251007,BE,459.0,546.86,251007.0
2024-09-04,5.82,5.82,5.82,5.82,158150,BE,415.0,381.08,158150.0
2024-09-05,5.7,5.7,5.7,5.7,418699,BE,607.0,689.78,418699.0
2024-09-06,5.58,5.58,5.58,5.58,296353,BE,554.0,534.93,296353.0
2024-09-09,5.46,5.46,5.46,5.46,273832,BE,423.0,647.36,273832.0
2024-09-10,5.35,5.35,5.35,5.35,420971,BE,581.0,724.56,420971.0
2024-09-11,5.24,5.45,5.24,5.45,973301,BE,929.0,1047.69,973301.0
2024-09-12,5.34,5.35,5.34,5.35,610460,BE,752.0,811.78,610460.0
2024-09-13,5.33,5.33,5.25,5.25,427903,BE,605.0,707.28,427903.0
2024-09-16,5.25,5.25,5.22,5.22,408804,BE,574.0,712.2,408804.0
2024-09-17,5.21,5.21,5.2,5.2,551054,BE,724.0,761.12,551054.0
2024-09-18,5.19,5.19,5.12,5.12,524942,BE,577.0,909.78,524942.0
2024-09-19,5.12,5.12,5.01,5.01,514174,BE,495.0,1038.74,514174.0
2024-09-20,4.99,4.99,4.9,4.9,530731,BE,602.0,881.61,530731.0
2024-09-23,4.99,4.99,4.99,4.99,584607,BE,434.0,1347.02,584607.0
2024-09-24,5.08,5.08,5.08,5.08,125232,BE,201.0,623.04,125232.0
2024-09-25,5.18,5.18,5.18,5.18,181284,BE,185.0,979.91,181284.0
2024-09-26,5.28,5.28,5.28,5.28,739275,BE,366.0,2019.88,739275.0
2024-09-27,5.25,5.26,5.24,5.24,615959,BE,487.0,1264.8,615959.0
2024-09-30,5.24,5.24,5.13,5.14,437247,BE,459.0,952.61,437247.0
2024-10-01,5.14,5.14,5.11,5.11,218772,BE,408.0,536.21,218772.0
2024-10-03,5.0,5.0,5.0,5.0,192779,BE,452.0,426.5,192779.0
2024-10-04,5.01,5.01,4.9,4.9,586928,BE,425.0,1381.01,586928.0
2024-10-07,4.8,4.9,4.65,4.65,746304,BE,1287.0,579.88,746304.0
2024-10-08,4.41,4.88,4.41,4.88,939938,BE,1247.0,753.76,939938.0
2024-10-09,4.88,5.12,4.8,5.08,1009787,BE,1537.0,656.99,1009787.0
2024-10-10,4.97,5.19,4.9,4.93,696387,BE,1091.0,638.3,696387.0
2024-10-11,4.96,5.04,4.75,4.79,565923,BE,1949.0,290.37,565923.0
2024-10-14,4.9,4.98,4.75,4.76,705552,BE,2355.0,299.6,705552.0
2024-10-15,4.9,4.9,4.6,4.77,476946,BE,2083.0,228.97,476946.0
2024-10-16,4.8,5.0,4.6,5.0,625536,BE,1844.0,339.23,625536.0
2024-10-17,5.25,5.25,5.25,5.25,611862,BE,489.0,1251.25,611862.0
2024-10-18,5.51,5.51,5.25,5.44,2455615,BE,4166.0,589.44,2455615.0
2024-10-21,5.5,5.64,5.16,5.16,631655,BE,1601.0,394.54,631655.0
2024-10-22,4.95,5.14,4.9,4.9,702735,BE,1045.0,672.47,702735.0
2024-10-23,4.88,4.88,4.65,4.66,885568,BE,2371.0,373.5,885568.0
2024-10-24,4.66,4.87,4.53,4.72,495214,BE,1830.0,270.61,495214.0
2024-10-25,4.85,4.85,4.48,4.48,564014,BE,1227.0,459.67,564014.0
2024-10-28,4.63,4.7,4.48,4.7,477018,BE,793.0,601.54,477018.0
2024-10-29,4.9,4.93,4.6,4.91,540619,BE,917.0,589.55,540619.0
2024-10-30,5.06,5.14,4.75,5.09,376580,BE,1853.0,203.23,376580.0
2024-10-31,5.27,5.28,5.11,5.15,364602,BE,1492.0,244.37,364602.0
2024-11-01,5.29,5.4,5.15,5.25,375812,BE,877.0,428.52,375812.0
2024-11-04,5.25,5.3,4.98,5.04,597630,BE,1370.0,436.23,597630.0
2024-11-05,4.93,4.93,4.93,4.93,166356,BE,337.0,493.64,166356.0
2024-11-06,4.83,4.85,4.83,4.84,301665,BE,479.0,629.78,301665.0
2024-11-07,4.84,4.88,4.84,4.85,172717,BE,395.0,437.26,172717.0
2024-11-08,4.84,4.84,4.75,4.77,171731,BE,395.0,434.76,171731.0
2024-11-11,4.68,4.68,4.67,4.67,276272,BE,429.0,643.99,276272.0
2024-11-12,4.67,4.67,4.57,4.57,116622,BE,316.0,369.06,116622.0
2024-11-13,4.47,4.47,4.47,4.47,169554,BE,286.0,592.85,169554.0
2024-11-14,4.38,4.38,4.38,4.38,167962,BE,296.0,567.44,167962.0
2024-11-18,4.29,4.29,4.29,4.29,146521,BE,342.0,428.42,146521.0
2024-11-19,4.29,4.29,4.2,4.2,279656,BE,426.0,656.47,279656.0
2024-11-21,4.11,4.11,4.11,4.11,588344,BE,460.0,1279.01,588344.0
2024-11-22,4.05,4.05,4.02,4.02,209277,BE,354.0,591.18,209277.0
2024-11-25,4.1,4.1,4.1,4.1,68449,BE,180.0,380.27,68449.0
2024-11-26,4.18,4.18,4.18,4.18,45428,BE,143.0,317.68,45428.0
2024-11-27,4.26,4.26,4.26,4.26,51556,BE,158.0,326.3,51556.0
2024-11-28,4.34,4.34,4.34,4.34,236018,BE,258.0,914.8,236018.0
2024-11-29,4.42,4.42,4.42,4.42,28105,BE,89.0,315.79,28105.0
2024-12-02,4.5,4.5,4.44,4.5,532616,BE,444.0,1199.59,532616.0
2024-12-03,4.5,4.5,4.5,4.5,325952,BE,448.0,727.57,325952.0
2024-12-04,4.51,4.51,4.46,4.46,282538,BE,487.0,580.16,282538.0
2024-12-05,4.41,4.41,4.37,4.37,202899,BE,411.0,493.67,202899.0
2024-12-06,4.37,4.37,4.29,4.29,553759,BE,433.0,1278.89,553759.0
2024-12-09,4.22,4.5,4.22,4.5,472706,BE,1118.0,422.81,472706.0
2024-12-10,4.69,4.72,4.66,4.72,622584,BE,947.0,657.43,622584.0
2024-12-11,4.8,4.8,4.48,4.53,834784,BE,1327.0,629.08,834784.0
2024-12-12,4.51,4.55,4.3,4.3,486619,BE,1000.0,486.62,486619.0
2024-12-13,4.2,4.45,4.16,4.31,756975,BE,1041.0,727.16,756975.0
2024-12-16,4.32,4.42,4.27,4.31,525712,BE,1179.0,445.9,525712.0
2024-12-17,4.31,4.44,4.15,4.21,621742,BE,1025.0,606.58,621742.0
2024-12-18,4.21,4.42,4.2,4.42,545352,BE,912.0,597.97,545352.0
2024-12-19,4.54,4.59,4.3,4.46,506367,BE,1002.0,505.36,506367.0
2024-12-20,4.52,4.64,4.24,4.29,425063,BE,1054.0,403.29,425063.0
2024-12-23,4.4,4.5,4.11,4.16,598376,EQ,1830.0,326.98,435582.0
2024-12-24,4.23,4.33,4.11,4.19,400768,EQ,1600.0,250.48,255667.0
2024-12-26,4.25,4.39,4.13,4.39,606265,EQ,1364.0,444.48,497711.0
2024-12-27,4.4,4.6,4.36,4.56,1206704,EQ,2316.0,521.03,838933.0
2024-12-30,4.75,4.75,4.4,4.41,617974,EQ,1963.0,314.81,431149.0
2024-12-31,4.4,4.56,4.31,4.43,504042,EQ,1130.0,446.05,351411.0
2025-01-01,4.45,4.58,4.41,4.54,277013,EQ,1081.0,256.26,198963.0
2025-01-02,4.61,4.61,4.38,4.41,655933,EQ,1534.0,427.6,517497.0
2025-01-03,4.47,4.63,4.4,4.5,1383328,EQ,2019.0,685.16,911439.0
2025-01-06,4.52,4.59,4.27,4.27,633952,EQ,1947.0,325.6,442792.0
2025-01-07,4.28,4.35,4.07,4.15,1082630,EQ,1586.0,682.62,691168.0
2025-01-08,4.24,4.28,4.1,4.14,945454,EQ,1272.0,743.28,699551.0
2025-01-09,4.13,4.15,4.0,4.06,664640,EQ,1322.0,502.75,479195.0
2025-01-10,4.16,4.26,3.9,4.17,2449624,EQ,3001.0,816.27,1137603.0
2025-01-13,4.2,4.37,3.96,4.05,1751304,EQ,2970.0,589.66,1020056.0
2025-01-14,4.1,4.18,4.05,4.14,702373,EQ,1689.0,415.85,466113.0
2025-01-15,4.16,4.27,3.98,4.0,1091555,EQ,1762.0,619.5,650344.0
2025-01-16,4.07,4.09,3.95,4.0,638860,EQ,1417.0,450.85,424223.0
2025-01-17,3.99,4.08,3.95,4.01,568779,EQ,1241.0,458.32,377946.0
2025-01-20,4.07,4.21,4.05,4.14,815379,EQ,2627.0,310.38,510427.0
2025-01-21,4.18,4.18,4.0,4.02,599966,EQ,1681.0,356.91,393416.0
2025-01-22,4.09,4.12,3.81,3.89,1393331,EQ,2199.0,633.62,583413.0
2025-01-23,3.96,4.0,3.8,3.89,739700,EQ,1560.0,474.17,444143.0
2025-01-24,3.94,3.98,3.82,3.88,437945,EQ,1066.0,410.83,285451.0
2025-01-27,3.91,3.91,3.68,3.68,1240584,EQ,1571.0,789.68,679074.0
2025-01-28,3.68,3.86,3.49,3.49,2416282,EQ,1507.0,1603.37,1082656.0
2025-01-29,3.56,3.66,3.32,3.66,934148,EQ,1294.0,721.91,523004.0
2025-01-30,3.77,3.84,3.66,3.83,564952,EQ,1320.0,427.99,317833.0
2025-01-31,3.91,3.97,3.8,3.84,927900,EQ,1418.0,654.37,510550.0
2025-02-01,3.84,4.03,3.76,3.96,509047,EQ,1125.0,452.49,295562.0
2025-02-03,3.93,3.93,3.81,3.87,452445,EQ,1018.0,444.44,267580.0
2025-02-04,3.81,3.92,3.79,3.81,415102,EQ,929.0,446.83,269602.0
2025-02-05,3.82,4.0,3.82,3.88,706985,EQ,1025.0,689.74,467790.0
2025-02-06,4.2,4.2,4.01,4.17,994045,EQ,1344.0,739.62,641783.0
2025-02-07,4.21,4.25,4.11,4.14,451922,EQ,887.0,509.49,345484.0
2025-02-10,4.09,4.14,3.93,4.06,674739,EQ,1015.0,664.77,440491.0
2025-02-11,4.16,4.16,3.76,3.8,685186,EQ,1140.0,601.04,538801.0
2025-02-12,3.8,3.92,3.52,3.88,1076654,EQ,1405.0,766.3,488389.0
2025-02-13,3.98,3.98,3.62,3.79,664761,EQ,1130.0,588.28,530424.0
2025-02-14,3.93,3.93,3.54,3.59,730092,EQ,1202.0,607.4,453762.0
2025-02-17,3.58,3.76,3.41,3.45,842204,EQ,1318.0,639.0,591954.0
2025-02-18,3.49,3.49,3.2,3.27,1175715,EQ,1555.0,756.09,612787.0
2025-02-19,3.29,3.59,3.29,3.58,532630,EQ,807.0,660.01,364324.0
2025-02-20,3.78,3.87,3.59,3.81,725853,EQ,1101.0,659.27,388244.0
2025-02-21,3.9,3.92,3.62,3.69,620690,EQ,1101.0,563.75,424963.0
2025-02-24,3.55,3.72,3.55,3.63,347968,EQ,963.0,361.34,219888.0
2025-02-25,3.78,3.8,3.56,3.62,343873,EQ,925.0,371.75,270684.0
2025-02-27,3.69,3.69,3.42,3.49,388224,EQ,917.0,423.36,297414.0
2025-02-28,3.43,3.5,3.2,3.33,1004901,EQ,1866.0,538.53,530005.0
2025-03-03,3.38,3.45,3.25,3.3,609591,EQ,1177.0,517.92,397381.0
2025-03-04,3.3,3.37,3.15,3.26,554803,EQ,856.0,648.13,372606.0
2025-03-05,3.31,3.4,3.28,3.33,930814,EQ,916.0,1016.17,705126.0
2025-03-06,3.44,3.57,3.28,3.39,1156424,EQ,1521.0,760.31,666912.0
2025-03-07,3.45,3.5,3.36,3.39,547104,EQ,1030.0,531.17,407583.0
2025-03-10,3.44,3.47,3.25,3.33,765749,EQ,1060.0,722.4,603705.0
2025-03-11,3.28,3.35,3.16,3.25,1046613,EQ,1011.0,1035.23,710381.0
2025-03-12,3.27,3.3,3.21,3.23,671523,EQ,618.0,1086.61,591491.0
2025-03-13,3.27,3.29,3.2,3.21,913095,EQ,722.0,1264.67,793500.0
2025-03-17,3.3,3.3,2.99,3.05,942171,EQ,1111.0,848.04,680368.0
2025-03-18,3.08,3.17,3.0,3.07,1820614,EQ,1358.0,1340.66,1411910.0
2025-03-19,3.11,3.24,3.08,3.23,1031255,EQ,1507.0,684.31,713524.0
2025-03-20,3.32,3.41,3.26,3.29,1304535,EQ,1594.0,818.4,887316.0
2025-03-21,3.33,3.33,3.2,3.23,1321353,EQ,1485.0,889.8,951296.0
2025-03-24,3.28,3.34,3.26,3.3,3478674,EQ,1340.0,2596.03,3178691.0
2025-03-25,3.36,3.36,3.1,3.13,3837461,EQ,1801.0,2130.74,3404442.0
2025-03-26,3.17,3.17,2.95,3.0,1782223,EQ,2438.0,731.02,1328317.0
2025-03-27,3.03,3.07,2.8,2.86,3572257,EQ,2667.0,1339.43,2396563.0
2025-03-28,2.8,3.0,2.8,2.87,1167662,EQ,1165.0,1002.28,806972.0
2025-04-01,2.9,3.15,2.86,3.12,1054556,EQ,1736.0,607.46,711415.0
2025-04-02,3.18,3.26,3.05,3.22,961078,EQ,1020.0,942.23,524725.0
2025-04-03,3.22,3.33,3.16,3.28,596886,EQ,1215.0,491.26,363630.0
2025-04-04,3.2,3.28,3.16,3.24,517996,EQ,826.0,627.11,324960.0
2025-04-07,3.02,3.18,2.98,3.1,792018,EQ,1087.0,728.63,463111.0
2025-04-08,3.15,3.28,3.15,3.22,665123,EQ,1025.0,648.9,455395.0
2025-04-09,3.25,3.25,3.15,3.18,327698,EQ,878.0,373.23,183127.0
2025-04-11,3.39,3.39,3.13,3.17,431647,EQ,916.0,471.23,270108.0
2025-04-15,3.19,3.26,3.14,3.19,299883,EQ,1367.0,219.37,192987.0
2025-04-16,3.25,3.25,3.17,3.22,319541,EQ,759.0,421.0,232870.0
2025-04-17,3.26,3.29,3.18,3.22,414719,EQ,1146.0,361.88,291295.0
2025-04-21,3.22,3.28,3.12,3.16,907560,EQ,1193.0,760.74,662752.0
2025-04-22,3.14,3.29,3.14,3.24,595991,EQ,1090.0,546.78,439220.0
2025-04-23,3.24,3.28,3.14,3.18,998888,EQ,994.0,1004.92,617276.0
2025-04-24,3.22,3.25,3.16,3.19,623280,EQ,1138.0,547.7,369503.0
2025-04-25,3.23,3.24,3.04,3.08,828105,EQ,871.0,950.75,504733.0
2025-04-28,3.09,3.18,3.06,3.12,1036211,EQ,960.0,1079.39,872396.0
2025-04-29,3.17,3.19,3.1,3.16,310896,EQ,581.0,535.1,207320.0
2025-04-30,3.13,3.16,3.03,3.05,693920,EQ,805.0,862.01,514175.0
2025-05-02,3.11,3.12,3.02,3.04,756055,EQ,790.0,957.03,593300.0
2025-05-05,3.09,3.11,3.01,3.07,327067,EQ,1107.0,295.45,212061.0
2025-05-06,3.07,3.11,3.0,3.07,966824,EQ,889.0,1087.54,755286.0
2025-05-07,3.07,3.09,3.01,3.08,550035,EQ,727.0,756.58,407493.0
2025-05-08,3.05,3.12,3.05,3.08,306906,EQ,519.0,591.34,224830.0
2025-05-09,3.07,3.11,2.83,3.08,564758,EQ,845.0,668.35,373321.0
2025-05-12,3.11,3.2,3.1,3.18,460930,EQ,868.0,531.03,329624.0
2025-05-13,3.19,3.29,3.14,3.22,654682,EQ,783.0,836.12,399439.0
2025-05-14,3.26,3.32,3.2,3.26,746967,EQ,1482.0,504.03,461035.0
2025-05-15,3.3,3.31,3.2,3.27,956014,EQ,1140.0,838.61,564496.0
2025-05-16,3.32,3.34,2.86,3.19,984820,EQ,1217.0,809.22,649807.0
2025-05-19,3.24,3.4,3.15,3.24,1832193,EQ,2489.0,736.12,740868.0
2025-05-20,3.3,3.37,3.1,3.15,1421966,EQ,2093.0,679.39,638966.0
2025-05-21,3.21,3.26,3.09,3.16,1196387,EQ,1458.0,820.57,735817.0
2025-05-22,3.15,3.21,3.14,3.15,410386,EQ,858.0,478.31,270385.0
2025-05-23,3.2,3.21,3.08,3.13,738982,EQ,830.0,890.34,387295.0
2025-05-26,3.16,3.16,3.1,3.11,558533,EQ,1098.0,508.68,326484.0
2025-05-27,3.11,3.14,3.06,3.07,689861,EQ,641.0,1076.23,439342.0
2025-05-28,3.13,3.16,3.09,3.14,521350,EQ,659.0,791.12,383893.0
2025-05-29,3.16,3.17,3.09,3.11,523019,EQ,896.0,583.73,294402.0
2025-05-30,3.09,3.13,3.01,3.1,658100,EQ,962.0,684.1,392349.0
2025-06-02,3.13,3.15,3.09,3.1,516080,EQ,885.0,583.14,286545.0
2025-06-03,3.14,3.14,3.06,3.07,512041,EQ,739.0,692.88,237550.0
2025-06-04,3.08,3.15,3.07,3.09,459947,EQ,638.0,720.92,278434.0
2025-06-05,3.13,3.14,3.05,3.06,787598,EQ,820.0,960.49,577663.0
2025-06-06,3.1,3.1,3.05,3.05,557324,EQ,666.0,836.82,369286.0
2025-06-09,3.05,3.11,3.05,3.08,554831,EQ,775.0,715.91,315208.0
2025-06-10,3.1,3.14,3.07,3.1,879513,EQ,980.0,897.46,653832.0
2025-06-11,3.08,3.16,3.08,3.14,900204,EQ,894.0,1006.94,626012.0
2025-06-12,3.15,3.76,3.12,3.76,5270207,EQ,3241.0,1626.11,3526542.0
2025-06-13,3.85,4.51,3.76,4.51,14100716,EQ,9572.0,1473.12,5807930.0
2025-06-16,4.69,4.96,4.3,4.84,16714661,EQ,13939.0,1199.13,6956245.0
2025-06-17,4.98,5.18,4.84,4.95,8081894,EQ,9029.0,895.1,4142618.0
2025-06-18,4.94,5.09,4.45,4.45,5355288,EQ,6279.0,852.89,2882512.0
2025-06-19,4.47,4.47,4.22,4.22,499512,BE,772.0,647.04,499512.0
2025-06-20,4.0,4.0,4.0,4.0,456114,BE,776.0,587.78,456114.0
2025-06-23,3.82,3.82,3.8,3.8,712975,BE,946.0,753.67,712975.0
2025-06-24,3.66,3.99,3.61,3.99,714301,BE,452.0,1580.31,714301.0
2025-06-25,4.13,4.17,4.02,4.15,1285742,BE,2514.0,511.43,1285742.0
2025-06-26,4.2,4.29,4.0,4.01,1132710,BE,1255.0,902.56,1132710.0
2025-06-27,4.19,4.19,3.99,4.02,698898,BE,1039.0,672.66,698898.0
2025-06-30,4.1,4.1,3.88,4.01,1084243,BE,1044.0,1038.55,1084243.0
2025-07-01,4.05,4.09,3.9,3.91,1160278,BE,948.0,1223.92,1160278.0
2025-07-02,4.02,4.05,3.84,3.88,468575,BE,778.0,602.28,468575.0
2025-07-03,3.77,4.04,3.77,3.98,979692,BE,769.0,1273.98,979692.0
2025-07-04,4.03,4.17,3.99,4.08,878536,BE,891.0,986.01,878536.0
2025-07-07,4.01,4.09,3.9,4.02,557386,BE,782.0,712.77,557386.0
2025-07-08,4.0,4.07,3.9,3.98,444356,BE,669.0,664.21,444356.0
2025-07-09,4.0,4.1,3.93,4.06,739102,BE,678.0,1090.12,739102.0
2025-07-10,4.09,4.09,3.85,3.97,1174149,BE,842.0,1394.48,1174149.0
2025-07-11,3.98,4.0,3.88,3.96,563847,BE,636.0,886.55,563847.0
2025-07-14,3.9,4.04,3.83,3.91,570438,BE,696.0,819.59,570438.0
2025-07-15,3.91,4.0,3.87,3.98,400022,BE,498.0,803.26,400022.0
2025-07-16,4.01,4.05,3.88,3.93,368343,BE,527.0,698.94,368343.0
2025-07-17,3.95,3.96,3.88,3.91,305903,BE,551.0,555.18,305903.0
2025-07-18,3.94,4.0,3.87,3.98,359011,BE,531.0,676.1,359011.0
2025-07-21,4.0,4.0,3.86,3.87,419444,BE,721.0,581.75,419444.0
2025-07-22,3.87,3.97,3.82,3.87,249791,BE,455.0,548.99,249791.0
2025-07-23,3.81,3.87,3.67,3.79,399935,BE,569.0,702.87,399935.0
2025-07-24,3.72,3.83,3.67,3.78,547541,BE,503.0,1088.55,547541.0
2025-07-25,3.78,3.84,3.78,3.82,696614,BE,514.0,1355.28,696614.0
2025-07-28,3.93,3.94,3.8,3.83,295410,BE,484.0,610.35,295410.0
2025-07-29,3.83,3.85,3.7,3.79,1291938,BE,961.0,1344.37,1291938.0
2025-07-30,3.87,3.9,3.73,3.82,2283602,BE,1111.0,2055.45,2283602.0
2025-07-31,3.82,3.85,3.69,3.83,1784139,BE,946.0,1885.98,1784139.0
2025-08-01,3.83,3.88,3.75,3.79,232144,BE,352.0,659.5,232144.0
2025-08-04,3.78,3.84,3.7,3.82,1157170,BE,758.0,1526.61,1157170.0
2025-08-05,3.78,3.87,3.73,3.84,2420630,BE,901.0,2686.6,2420630.0
2025-08-06,3.87,3.87,3.73,3.78,318709,BE,352.0,905.42,318709.0
2025-08-07,3.61,3.77,3.61,3.69,369026,BE,410.0,900.06,369026.0
2025-08-08,3.62,3.7,3.52,3.54,525200,BE,568.0,924.65,525200.0
2025-08-11,3.43,3.52,3.43,3.49,395487,BE,390.0,1014.07,395487.0
2025-08-12,3.48,3.64,3.44,3.49,449854,BE,389.0,1156.44,449854.0
2025-08-13,3.33,3.49,3.31,3.32,546120,BE,576.0,948.12,546120.0
2025-08-14,3.29,3.4,3.25,3.3,582023,BE,448.0,1299.16,582023.0
2025-08-18,3.3,3.38,3.2,3.36,246410,BE,471.0,523.16,246410.0
2025-08-19,3.29,3.39,3.28,3.32,265281,BE,504.0,526.35,265281.0
2025-08-20,3.33,3.39,3.2,3.22,716442,BE,549.0,1304.99,716442.0
2025-08-21,3.26,3.26,3.1,3.21,237559,BE,372.0,638.6,237559.0
2025-08-22,3.25,3.28,3.11,3.19,372404,BE,438.0,850.24,372404.0
2025-08-25,3.19,3.23,3.11,3.21,343487,BE,493.0,696.73,343487.0
2025-08-26,3.19,3.37,3.13,3.24,332812,BE,479.0,694.81,332812.0
2025-08-28,3.24,3.36,3.24,3.34,253990,BE,436.0,582.55,253990.0
2025-08-29,3.38,3.4,3.32,3.33,96917,BE,254.0,381.56,96917.0
2025-09-01,3.33,3.42,3.3,3.38,370890,BE,416.0,891.56,370890.0
2025-09-02,3.48,3.54,3.3,3.52,431325,BE,476.0,906.14,431325.0
2025-09-03,3.52,3.69,3.48,3.69,327642,BE,296.0,1106.9,327642.0
2025-09-04,3.76,3.76,3.54,3.59,366526,BE,425.0,862.41,366526.0
2025-09-05,3.59,3.75,3.5,3.72,468753,BE,527.0,889.47,468753.0
2025-09-08,3.88,3.9,3.79,3.86,583009,BE,597.0,976.56,583009.0
2025-09-09,3.87,3.87,3.7,3.73,312597,BE,478.0,653.97,312597.0
2025-09-10,3.63,3.91,3.63,3.78,332760,BE,402.0,827.76,332760.0
2025-09-11,3.8,3.89,3.63,3.68,434565,BE,446.0,974.36,434565.0
2025-09-12,3.63,3.74,3.61,3.67,243471,BE,348.0,699.63,243471.0
2025-09-15,3.57,3.74,3.57,3.67,304408,BE,457.0,666.1,304408.0
2025-09-16,3.74,3.83,3.65,3.79,248125,BE,379.0,654.68,248125.0
2025-09-17,3.85,3.85,3.68,3.72,369349,BE,500.0,738.7,369349.0
2025-09-18,3.77,3.77,3.7,3.71,120314,BE,284.0,423.64,120314.0
2025-09-19,3.76,3.76,3.66,3.71,180864,BE,346.0,522.73,180864.0
2025-09-22,3.8,3.85,3.61,3.75,948468,EQ,1503.0,631.05,740681.0
2025-09-23,3.77,3.77,3.41,3.53,1098842,EQ,1083.0,1014.63,809134.0
2025-09-24,3.67,3.76,3.55,3.65,754856,EQ,791.0,954.31,577075.0
2025-09-25,3.7,3.77,3.55,3.68,2508707,EQ,1422.0,1764.21,2217229.0
2025-09-26,3.7,3.92,3.69,3.83,7491761,EQ,2039.0,3674.23,3287609.0
2025-09-29,3.99,3.99,3.66,3.69,2392026,EQ,1378.0,1735.87,1315014.0
2025-09-30,3.62,3.75,3.62,3.65,1001585,EQ,702.0,1426.76,658877.0
2025-10-01,3.58,3.76,3.54,3.75,2680097,EQ,827.0,3240.75,1986149.0
2025-10-03,3.83,3.83,3.58,3.75,1052117,EQ,799.0,1316.79,667226.0
2025-10-06,3.69,3.75,3.65,3.66,423604,EQ,628.0,674.53,267764.0
2025-10-07,3.72,3.72,3.66,3.67,267981,EQ,487.0,550.27,155721.0
2025-10-08,3.8,4.3,3.8,3.9,4744553,EQ,2663.0,1781.66,2530277.0
2025-10-09,4.0,4.0,3.7,3.93,3156190,EQ,1435.0,2199.44,2379875.0
2025-10-10,3.93,4.1,3.93,4.07,2661058,EQ,1333.0,1996.29,2209620.0
2025-10-13,4.24,4.72,4.01,4.18,6189123,EQ,5702.0,1085.43,2899347.0
2025-10-14,4.2,4.28,4.07,4.2,1747826,EQ,1501.0,1164.44,1187615.0
2025-10-15,4.32,4.32,4.1,4.19,1425812,EQ,1155.0,1234.47,875527.0
2025-10-16,4.35,4.35,4.21,4.26,2121524,EQ,1092.0,1942.79,1599967.0
2025-10-17,4.28,4.29,4.13,4.19,1059866,EQ,858.0,1235.28,751632.0
2025-10-20,4.29,4.39,4.18,4.25,4864398,EQ,1961.0,2480.57,2304411.0
2025-10-21,4.46,4.46,4.22,4.26,754369,EQ,554.0,1361.68,542621.0
2025-10-23,4.26,4.3,4.15,4.25,853015,EQ,1049.0,813.17,498755.0
2025-10-24,4.2,4.22,4.15,4.17,604639,EQ,841.0,718.95,396168.0
2025-10-27,4.15,4.2,4.03,4.09,571463,EQ,895.0,638.51,431252.0
2025-10-28,4.14,4.14,3.8,3.87,861813,EQ,1196.0,720.58,622918.0
2025-10-29,3.99,4.64,3.93,4.64,15596395,EQ,4347.0,3587.85,9975445.0
2025-10-30,4.7,4.87,4.45,4.75,22405705,EQ,6223.0,3600.47,8261695.0
2025-10-31,4.82,5.02,4.43,4.66,31876019,EQ,7731.0,4123.14,7290758.0
2025-11-03,4.66,4.73,4.4,4.56,2269386,EQ,2053.0,1105.4,1557629.0
2025-11-04,4.66,4.91,4.13,4.54,4705058,EQ,2476.0,1900.27,2534788.0
2025-11-06,4.45,4.59,4.23,4.3,2657596,EQ,1884.0,1410.61,1912055.0
2025-11-07,4.42,4.42,4.2,4.23,1109833,EQ,1217.0,911.94,711494.0
2025-11-10,4.3,4.3,4.2,4.21,638304,EQ,847.0,753.61,473431.0
2025-11-11,4.2,4.29,4.06,4.16,1056561,EQ,1249.0,845.93,646154.0
2025-11-12,4.16,4.3,4.16,4.18,595103,EQ,770.0,772.86,426709.0
2025-11-13,4.16,4.65,4.15,4.18,1084348,EQ,1224.0,885.91,629789.0
2025-11-14,4.11,4.22,4.1,4.17,750483,EQ,891.0,842.29,505457.0
2025-11-17,4.17,4.17,3.96,4.01,1235741,EQ,1389.0,889.66,733885.0
2025-11-18,4.02,4.14,3.94,3.97,859288,EQ,1026.0,837.51,603196.0
2025-11-19,3.94,4.0,3.8,3.83,1075932,EQ,1199.0,897.36,829408.0
2025-11-20,3.85,4.3,3.85,4.03,3384947,EQ,2249.0,1505.09,2445193.0
2025-11-21,4.03,4.1,3.98,4.0,886642,EQ,770.0,1151.48,687928.0
2025-11-24,4.0,4.07,3.84,3.89,1188920,EQ,1019.0,1166.75,949796.0
2025-11-25,3.95,3.95,3.8,3.81,483776,EQ,717.0,674.72,357802.0
2025-11-26,3.88,3.93,3.82,3.9,405178,EQ,694.0,583.83,325739.0
2025-11-27,3.95,4.09,3.83,3.94,2744746,EQ,1239.0,2215.29,1944637.0
2025-11-28,3.9,4.16,3.7,4.05,5899383,EQ,2531.0,2330.85,3587398.0
2025-12-01,4.13,4.53,4.09,4.49,6834447,EQ,3934.0,1737.28,3596304.0
2025-12-02,4.69,4.69,4.45,4.51,3915228,EQ,3027.0,1293.44,2439491.0
2025-12-03,4.58,4.58,4.4,4.53,2238405,EQ,1485.0,1507.34,1170408.0
2025-12-04,4.65,4.75,4.39,4.57,2233990,EQ,1513.0,1476.53,1476538.0
2025-12-05,4.69,4.74,4.49,4.54,1461664,EQ,1591.0,918.71,745389.0
2025-12-08,4.56,4.63,4.22,4.23,3153526,EQ,1651.0,1910.07,1133286.0
2025-12-09,4.27,4.33,4.1,4.17,1103551,EQ,1190.0,927.35,577475.0
2025-12-10,4.28,4.32,4.05,4.08,1410119,EQ,1484.0,950.21,967493.0
2025-12-11,4.13,4.13,4.0,4.05,1475247,EQ,1223.0,1206.25,981790.0
2025-12-12,4.0,4.24,4.0,4.08,940139,EQ,1095.0,858.57,388925.0
2025-12-15,4.44,4.49,4.07,4.45,4277574,EQ,2153.0,1986.8,3155497.0
2025-12-16,4.51,4.81,4.5,4.77,6697471,EQ,2572.0,2603.99,4282600.0
2025-12-17,4.85,4.91,4.62,4.85,3902360,EQ,2239.0,1742.9,2549335.0
2025-12-18,4.86,4.95,4.61,4.85,4507350,EQ,1661.0,2713.64,2786795.0
2025-12-19,4.85,4.89,4.85,4.85,4251324,EQ,840.0,5061.1,3534064.0
2025-12-22,4.85,4.94,4.85,4.91,2298103,EQ,1176.0,1954.17,1378260.0
2025-12-23,4.95,5.02,4.95,4.96,4384007,EQ,1325.0,3308.68,2753164.0
2025-12-24,4.96,5.0,4.96,4.96,2288044,EQ,895.0,2556.47,2053833.0
2025-12-26,5.01,5.02,4.91,4.92,2150269,EQ,1037.0,2073.55,1954144.0
2025-12-29,4.95,4.98,4.95,4.95,2002769,EQ,826.0,2424.66,1600089.0
2025-12-30,4.97,5.04,4.95,5.0,3139842,EQ,1354.0,2318.94,2111676.0
2025-12-31,5.0,5.03,4.99,5.01,1882166,EQ,979.0,1922.54,1589133.0
2026-01-01,5.0,5.04,5.0,5.0,914280,EQ,542.0,1686.86,862634.0
2026-01-02,5.0,5.04,5.0,5.01,2593523,EQ,905.0,2865.77,2337095.0
2026-01-05,5.05,5.26,5.05,5.15,4081584,EQ,2003.0,2037.74,2938439.0
2026-01-06,5.2,5.48,5.2,5.3,5519233,EQ,2666.0,2070.23,2940064.0
2026-01-07,5.35,5.55,5.33,5.41,10743222,EQ,2649.0,4055.58,4759241.0
2026-01-08,5.45,5.49,5.38,5.42,4080170,EQ,1800.0,2266.76,2395985.0
2026-01-09,5.42,5.48,5.01,5.41,9096325,EQ,2909.0,3126.96,3965472.0
2026-01-12,5.41,5.42,4.6,5.03,9955658,EQ,12504.0,796.2,3151920.0
2026-01-13,5.0,5.25,4.91,5.21,3329057,EQ,1390.0,2395.01,2131823.0
2026-01-14,5.24,5.34,5.2,5.21,1586575,EQ,1256.0,1263.2,761514.0
2026-01-16,5.21,5.26,5.2,5.2,1213124,EQ,815.0,1488.5,1118544.0
2026-01-19,5.2,5.25,5.2,5.21,2160284,EQ,1025.0,2107.59,1579617.0
2026-01-20,5.2,5.28,5.2,5.24,1812874,EQ,1031.0,1758.36,1564011.0
2026-01-21,5.43,5.45,5.0,5.04,1960255,EQ,1767.0,1109.37,1252090.0
2026-01-22,5.4,5.45,4.9,4.92,1531693,EQ,1382.0,1108.32,902598.0
2026-01-23,4.97,5.25,4.9,4.9,2348746,EQ,993.0,2365.3,2015595.0
2026-01-27,4.9,4.99,4.8,4.9,2408696,EQ,1151.0,2092.7,1666711.0
2026-01-28,5.31,5.32,4.91,4.94,1420418,EQ,1321.0,1075.26,782367.0
2026-01-29,5.2,5.2,4.75,4.8,2918173,EQ,1576.0,1851.63,2017788.0
2026-01-30,4.99,4.99,4.75,4.82,735710,EQ,756.0,973.16,571577.0
2026-02-01,4.95,4.97,4.8,4.8,500423,EQ,864.0,579.19,321037.0
2026-02-02,4.83,4.92,4.71,4.9,2389747,EQ,897.0,2664.15,1118620.0
2026-02-03,4.92,5.16,4.9,4.9,902686,EQ,897.0,1006.34,588164.0
2026-02-04,4.91,4.97,4.82,4.84,643833,EQ,699.0,921.08,523285.0
2026-02-05,4.78,5.1,4.76,4.76,574417,EQ,872.0,658.74,319516.0
2026-02-06,4.94,4.95,4.77,4.89,2055483,EQ,732.0,2808.04,1652014.0
2026-02-09,4.92,4.92,4.76,4.77,929986,EQ,961.0,967.73,542693.0
2026-02-10,4.87,4.87,4.75,4.75,1190352,EQ,618.0,1926.14,1015480.0
2026-02-11,4.79,4.82,4.75,4.75,4700412,EQ,1534.0,3064.15,4363949.0
2026-02-12,4.76,4.78,4.75,4.75,1312965,EQ,1150.0,1141.71,1222388.0
2026-02-13,4.75,4.78,4.75,4.76,716407,EQ,479.0,1495.63,572540.0
2026-02-16,4.78,4.78,4.71,4.71,678116,EQ,616.0,1100.84,586190.0
2026-02-17,4.8,4.83,4.75,4.76,2640513,EQ,1687.0,1565.21,2437540.0
2026-02-18,4.76,4.79,4.7,4.78,517444,EQ,1158.0,446.84,436300.0
2026-02-19,4.8,4.81,4.64,4.75,1998262,EQ,808.0,2473.1,1399071.0
2026-02-20,4.72,4.76,4.65,4.75,3026986,EQ,499.0,6066.1,2043652.0
2026-02-23,4.81,4.95,4.72,4.86,934540,EQ,725.0,1289.02,602701.0
2026-02-24,4.89,4.93,4.72,4.77,2337140,EQ,985.0,2372.73,924666.0
2026-02-25,4.79,4.87,4.74,4.81,2425263,EQ,559.0,4338.57,1249310.0
2026-02-26,4.82,4.9,4.78,4.81,2306132,EQ,621.0,3713.58,1250854.0
2026-02-27,4.81,4.92,4.77,4.91,3940235,EQ,628.0,6274.26,1984383.0
2026-03-02,4.78,4.91,4.75,4.86,1978347,EQ,1114.0,1775.89,1409429.0
2026-03-04,4.88,4.88,4.68,4.75,708040,EQ,702.0,1008.6,465602.0
2026-03-05,4.8,4.95,4.72,4.86,1837806,EQ,775.0,2371.36,1200198.0
2026-03-06,4.99,5.0,4.83,4.96,485261,EQ,668.0,726.44,306951.0
2026-03-09,4.96,4.96,4.7,4.78,801675,EQ,846.0,947.61,520030.0
2026-03-10,4.91,5.02,4.73,4.79,2269147,EQ,1193.0,1902.05,1214541.0
2026-03-11,4.88,4.88,4.76,4.8,418012,EQ,530.0,788.7,321444.0
2026-03-12,4.89,4.9,4.74,4.82,2177812,EQ,772.0,2821.0,1210399.0
2026-03-13,4.87,4.88,4.65,4.72,4390013,EQ,1083.0,4053.57,2509392.0
2026-03-16,4.8,4.82,4.7,4.71,1066113,EQ,599.0,1779.82,919573.0
2026-03-17,4.79,4.8,4.67,4.69,392138,EQ,531.0,738.49,265290.0
2026-03-18,4.78,4.82,4.72,4.77,3239549,EQ,646.0,5014.78,2865021.0
2026-03-19,4.78,4.78,4.69,4.7,1704809,EQ,535.0,3186.56,1515208.0
2026-03-20,4.78,4.79,4.52,4.65,1791429,EQ,694.0,2581.31,1193831.0
2026-03-23,4.7,4.73,4.22,4.39,832046,EQ,1031.0,807.03,502076.0
2026-03-24,4.55,4.8,4.55,4.65,1522281,EQ,1202.0,1266.46,879768.0
2026-03-25,4.77,4.82,4.67,4.79,1612137,EQ,797.0,2022.76,1430631.0
2026-03-27,4.87,4.87,4.66,4.68,2053395,EQ,860.0,2387.67,1802336.0
2026-03-30,4.8,4.8,4.35,4.63,1284052,EQ,1300.0,987.73,714632.0
2026-04-01,4.8,4.85,4.76,4.78,1018651,EQ,682.0,1493.62,539637.0
2026-04-02,4.87,4.87,4.72,4.81,4820184,EQ,527.0,9146.46,4544836.0
2026-04-06,4.9,5.0,4.85,4.92,1613430,EQ,701.0,2301.61,1192095.0
2026-04-07,5.0,5.03,4.94,4.95,2396514,EQ,480.0,4992.74,1847426.0
2026-04-08,5.0,5.0,4.9,4.96,1649451,EQ,589.0,2800.43,1325623.0
2026-04-09,4.98,5.0,4.95,4.98,1215950,EQ,370.0,3286.35,1095102.0
2026-04-10,5.0,5.01,4.95,4.97,393728,EQ,435.0,905.12,312194.0
2026-04-13,4.98,5.04,4.84,4.93,3664845,EQ,893.0,4103.97,2587054.0
2026-04-15,5.04,5.15,5.03,5.08,2074152,EQ,807.0,2570.2,1672121.0
2026-04-16,5.14,5.15,5.08,5.08,1703589,EQ,592.0,2877.68,1521046.0
2026-04-17,5.12,5.14,5.08,5.08,316679,EQ,473.0,669.51,228682.0
2026-04-20,5.2,5.33,5.15,5.19,920038,EQ,872.0,1055.09,524832.0
2026-04-21,5.29,5.43,5.09,5.14,6696209,EQ,2818.0,2376.23,1689563.0
2026-04-22,5.29,5.46,5.19,5.3,2343256,EQ,1752.0,1337.47,1041234.0
2026-04-23,5.36,5.43,5.29,5.3,810402,EQ,939.0,863.05,515188.0
2026-04-24,5.32,5.36,5.28,5.3,626259,EQ,523.0,1197.44,519533.0
2026-04-27,5.42,5.45,5.28,5.3,648328,EQ,1085.0,597.54,465326.0
2026-04-28,5.38,5.38,5.25,5.34,1894799,EQ,930.0,2037.42,1163576.0
2026-04-29,5.45,5.6,5.39,5.46,2910877,EQ,1647.0,1767.38,1621632.0
2026-04-30,5.46,5.5,5.25,5.46,2152181,EQ,1118.0,1925.03,1560779.0
2026-05-04,5.51,5.58,5.42,5.54,3419155,EQ,1361.0,2512.24,2727524.0
2026-05-05,5.7,5.75,5.59,5.61,1726260,EQ,2064.0,836.37,1014753.0
2026-05-06,5.75,5.79,5.58,5.65,2871868,EQ,1579.0,1818.79,1350608.0
2026-05-07,5.76,5.88,5.66,5.74,2025627,EQ,1291.0,1569.04,1326051.0
2026-05-08,5.75,5.8,5.67,5.78,2061647,EQ,902.0,2285.64,1461269.0
2026-05-11,5.8,5.83,5.62,5.68,1310817,EQ,1509.0,868.67,702516.0
2026-05-12,5.71,5.8,5.52,5.6,5650557,EQ,3172.0,1781.39,1947884.0
2026-05-13,5.65,5.74,5.37,5.48,5200234,EQ,1991.0,2611.87,1218421.0
2026-05-14,5.6,5.77,5.55,5.61,1268451,EQ,985.0,1287.77,497813.0
2026-05-15,5.69,5.72,5.44,5.52,3333638,EQ,2250.0,1481.62,683193.0
2026-05-18,5.63,5.63,5.23,5.41,5290688,EQ,2656.0,1991.98,2243233.0
2026-05-19,5.49,5.49,5.11,5.19,1780655,EQ,1038.0,1715.47,1172776.0
2026-05-20,5.24,5.24,4.95,5.05,2120454,EQ,1344.0,1577.72,1240522.0
2026-05-21,5.16,5.25,5.07,5.21,1860512,EQ,1196.0,1555.61,1018823.0
2026-05-22,5.3,5.3,5.04,5.06,949327,EQ,1053.0,901.55,573378.0
2026-05-25,5.19,5.33,5.1,5.25,3784408,EQ,1656.0,2285.27,2485371.0
2026-05-26,5.32,5.47,5.19,5.19,12773111,EQ,3503.0,3646.33,3487898.0
2026-05-27,5.36,5.39,5.25,5.3,3991219,EQ,2119.0,1883.54,1026676.0
2026-05-29,5.4,5.44,5.0,5.04,13837262,EQ,4101.0,3374.12,1633243.0
2026-06-01,5.09,5.38,4.79,4.84,6871030,EQ,2712.0,2533.57,1565919.0
2026-06-02,5.0,5.42,4.78,4.81,24544152,EQ,8766.0,2799.93,3063185.0
2026-06-03,4.97,5.32,4.68,5.29,20698069,EQ,7109.0,2911.53,4725138.0
2026-06-04,5.38,5.38,4.8,4.86,11335717,EQ,5233.0,2166.2,3295934.0
2026-06-05,4.93,4.99,4.84,4.93,2164139,EQ,1590.0,1361.09,952804.0
2026-06-08,4.98,5.0,4.74,4.77,11293919,EQ,23315.0,484.41,2055534.0
2026-06-09,5.1,5.2,4.63,4.72,8514516,EQ,3327.0,2559.22,1733545.0
2026-06-10,4.98,4.98,4.64,4.65,14965353,EQ,12507.0,1196.56,2614237.0
2026-06-11,4.7,4.71,4.64,4.65,2495409,EQ,1301.0,1918.07,937569.0
2026-06-12,4.7,4.8,4.59,4.73,17032923,EQ,36159.0,471.06,5329287.0
2026-06-15,4.8,4.94,4.79,4.93,7213206,EQ,2707.0,2664.65,4072906.0
2026-06-16,5.06,5.06,4.63,4.66,20342663,EQ,8891.0,2288.01,4123149.0
2026-06-17,4.69,4.7,4.64,4.66,2266880,EQ,1204.0,1882.79,812788.0
2026-06-18,4.68,4.68,4.62,4.65,5274389,EQ,3002.0,1756.96,3781256.0
2026-06-19,4.69,4.76,4.64,4.66,5842697,EQ,3157.0,1850.71,3126709.0
2026-06-22,4.64,4.69,4.57,4.59,4704103,EQ,2449.0,1920.83,1756108.0
2026-06-23,4.65,4.65,4.53,4.57,5797490,EQ,3733.0,1553.04,2040043.0
2026-06-24,4.56,4.56,4.35,4.39,1379942,EQ,1206.0,1144.23,812541.0
2026-06-25,4.45,4.65,4.0,4.08,17537240,EQ,7121.0,2462.75,3798195.0
2026-06-29,4.15,4.15,3.86,4.05,2205074,EQ,2870.0,768.32,1122653.0
2026-06-30,4.11,4.24,4.09,4.13,2683033,EQ,1926.0,1393.06,2055115.0
2026-07-01,4.16,4.25,4.14,4.15,1918963,EQ,1392.0,1378.57,1492942.0
2026-07-02,4.16,4.9,4.14,4.74,12197006,EQ,9322.0,1308.41,3042344.0
2026-07-03,4.79,4.96,4.67,4.86,11042866,EQ,3947.0,2797.79,5676128.0
2026-07-06,4.99,5.23,4.9,5.11,14170345,EQ,11156.0,1270.2,5010418.0
2026-07-07,5.21,5.23,4.66,4.8,19646888,EQ,3995.0,4917.87,6560402.0
2026-07-08,4.79,4.91,4.55,4.61,9153144,EQ,2118.0,4321.6,5688730.0
2026-07-09,4.64,4.67,4.55,4.58,6532999,EQ,1101.0,5933.7,6070553.0
2026-07-10,4.65,4.79,4.6,4.65,1714847,EQ,873.0,1964.32,701993.0
2026-07-13,4.68,4.71,4.64,4.64,2582702,EQ,716.0,3607.13,2109155.0
2026-07-14,4.67,4.69,4.57,4.66,1828847,EQ,548.0,3337.31,1310111.0
2026-07-15,4.68,4.7,4.57,4.63,479391,EQ,551.0,870.04,271491.0
2026-07-16,4.68,4.68,4.52,4.59,3068773,EQ,3407.0,900.73,2648550.0
2026-07-17,4.61,4.61,4.5,4.53,1304521,EQ,586.0,2226.15,1089907.0
2026-07-20,4.53,4.55,4.32,4.43,8355949,EQ,4137.0,2019.81,5249966.0
2026-07-21,4.43,4.43,4.32,4.35,3487323,EQ,1091.0,3196.45,2654459.0
2026-07-22,4.4,4.44,4.25,4.33,1839477,EQ,828.0,2221.59,1173538.0
2026-07-23,4.36,4.76,4.3,4.74,5672151,EQ,3801.0,1492.28,2205790.0
2026-07-24,4.95,5.13,4.17,4.37,36638747,EQ,11333.0,3232.93,6132213.0
2026-07-27,4.38,4.8,4.37,4.56,10711590,EQ,4829.0,2218.18,2167577.0
2026-07-28,4.51,4.58,4.07,4.1,13422373,EQ,4039.0,3323.19,6037108.0
2026-07-29,4.15,4.21,3.38,3.71,32343133,EQ,12028.0,2688.99,10981935.0
2026-07-30,3.68,3.94,3.67,3.91,4192924,EQ,2687.0,1560.45,1715633.0
2026-07-31,3.9,4.04,3.72,3.84,4926065,EQ,4497.0,1095.41,1960984.0
2026-08-03,3.96,4.08,3.92,4.01,1845572,EQ,1857.0,993.85,1261070.0
2026-08-04,4.09,4.28,3.82,4.01,9293182,EQ,12030.0,772.5,1874050.0
2026-08-05,4.05,4.13,3.85,3.92,7715821,EQ,7638.0,1010.19,3647096.0
2026-08-06,3.94,3.96,3.86,3.89,1281675,EQ,1045.0,1226.48,844007.0
2026-08-07,3.89,3.95,3.86,3.91,997550,EQ,2503.0,398.54,654299.0
2026-08-10,3.95,3.98,3.85,3.91,2843818,EQ,2894.0,982.66,2368719.0
2026-08-11,3.9,4.09,3.9,4.05,9317922,EQ,5436.0,1714.11,5967614.0
2026-08-12,4.05,4.19,4.02,4.09,3743749,EQ,5357.0,698.85,1844055.0
2026-08-13,4.15,4.28,4.09,4.16,10567230,EQ,8113.0,1302.51,4659841.0
2026-08-14,4.24,4.24,4.03,4.1,3426265,EQ,1229.0,2787.85,1379514.0
2026-08-17,4.14,4.14,4.0,4.03,1561539,EQ,2688.0,580.93,1091214.0
2026-08-18,4.02,4.1,3.93,3.96,2802292,EQ,2376.0,1179.42,922407.0
2026-08-19,4.05,4.05,3.9,3.91,1242173,EQ,2552.0,486.74,834746.0
2026-08-20,4.03,4.05,3.9,3.95,3308394,EQ,1917.0,1725.82,2817302.0
2026-08-21,3.98,4.05,3.16,3.33,5879851,EQ,1326.0,4434.28,2041813.0
2026-08-24,3.67,3.99,3.5,3.99,7806929,EQ,3646.0,2141.23,2629867.0
2026-08-25,4.36,4.36,3.2,3.2,54859459,EQ,12292.0,4463.02,21913390.0
2026-08-26,3.3,3.47,2.56,3.16,73588161,EQ,14250.0,5164.08,11876335.0
2026-08-27,3.2,3.79,3.14,3.78,43893037,EQ,9273.0,4733.42,18816045.0
2026-08-28,3.94,3.95,3.63,3.74,10826338,EQ,3297.0,3283.69,4494613.0
2026-08-31,3.83,3.83,3.49,3.61,4193267,EQ,1763.0,2378.48,2636673.0
2026-09-01,3.61,3.8,3.49,3.67,4819906,EQ,1760.0,2738.58,2459375.0
2026-09-02,3.67,3.68,3.5,3.57,976261,EQ,839.0,1163.6,657479.0
2026-09-03,3.64,3.64,3.48,3.49,1834414,EQ,1062.0,1727.32,1349907.0
2026-09-04,3.53,3.6,3.45,3.51,1297179,EQ,827.0,1568.54,828143.0
2026-09-07,3.51,3.6,3.44,3.46,1158873,EQ,1043.0,1111.1,711831.0
2026-09-08,3.49,3.49,3.34,3.36,1797981,EQ,1122.0,1602.48,1087505.0
2026-09-09,3.42,3.61,3.25,3.51,4466881,EQ,1341.0,3331.01,2009267.0
2026-09-10,3.54,3.66,3.46,3.54,3922764,EQ,1044.0,3757.44,1991237.0
2026-09-11,3.58,3.58,3.48,3.51,945289,EQ,687.0,1375.97,433217.0
2026-09-15,3.5,3.5,3.19,3.35,1406837,EQ,1158.0,1214.89,902437.0
2026-09-16,3.39,3.4,3.31,3.34,822276,EQ,817,1006.46,502509
2026-09-17,3.35,3.38,3.29,3.3,3004944,EQ,637,4717.34,2274516
2026-09-18,3.32,3.32,3.26,3.28,392673,EQ,537,731.23,255489
