Date,Open,High,Low,Close,Volume,Series,TOTAL_TRADES,QTY_PER_TRADE,DLV_QTY
2005-09-29,25.95,26.7,23.25,23.55,1121640,EQ,,,
2005-09-30,23.8,23.8,21.9,23.15,606943,EQ,,,
2005-10-03,23.55,23.7,23.15,23.45,301834,EQ,,,
2005-10-04,23.55,23.85,23.15,23.55,262633,EQ,,,
2005-10-05,23.8,23.8,22.75,23.0,347660,EQ,,,
2005-10-06,22.55,22.6,21.95,22.2,302449,EQ,,,
2005-10-07,22.3,22.75,21.5,21.6,239800,EQ,,,
2005-10-10,21.95,22.35,20.9,21.05,281884,EQ,,,
2005-10-11,21.5,21.5,20.2,21.0,127428,EQ,,,
2005-10-13,21.1,21.25,20.15,20.35,204059,EQ,,,
2005-10-14,20.9,20.9,19.05,19.25,271897,EQ,,,
2005-10-17,19.4,19.65,18.7,18.85,154836,EQ,,,
2005-10-18,19.2,19.35,18.55,18.65,122709,EQ,,,
2005-10-19,18.1,18.2,16.8,16.85,169362,EQ,,,
2005-10-20,18.0,18.0,15.55,16.2,262862,EQ,,,
2005-10-21,16.0,16.9,15.5,16.55,168604,EQ,,,
2005-10-24,17.0,17.4,16.6,16.95,124233,EQ,,,
2005-10-25,16.8,17.4,16.65,17.0,283749,EQ,,,
2005-10-26,17.0,17.7,16.85,17.1,204016,EQ,,,
2005-10-27,16.9,17.0,16.25,16.25,138164,EQ,,,
2005-10-28,15.75,15.75,15.45,15.45,47354,EQ,,,
2005-10-31,15.4,15.4,14.7,14.8,192954,EQ,,,
2005-11-01,15.5,15.55,15.5,15.55,14045,EQ,,,
2005-11-02,16.1,16.35,15.55,16.35,100781,EQ,,,
2005-11-07,16.95,17.2,16.35,17.2,64726,EQ,,,
2005-11-08,17.9,18.1,17.75,18.1,238913,EQ,,,
2005-11-09,18.65,18.85,17.75,17.85,222249,EQ,,,
2005-11-10,17.85,18.0,17.25,17.35,93564,EQ,,,
2005-11-11,18.0,18.1,17.5,17.65,104934,EQ,,,
2005-11-14,18.45,18.45,17.65,17.7,180620,EQ,,,
2005-11-16,18.2,18.2,17.0,17.7,92407,EQ,,,
2005-11-17,17.5,17.75,17.05,17.15,54707,EQ,,,
2005-11-18,17.5,17.75,16.85,16.95,213278,EQ,,,
2005-11-21,17.0,17.2,16.3,16.4,115310,EQ,,,
2005-11-22,16.3,16.4,15.85,15.95,159070,EQ,,,
2005-11-23,15.9,16.0,15.5,15.75,104627,EQ,,,
2005-11-24,15.3,15.85,15.0,15.75,63490,EQ,,,
2005-11-25,15.9,16.55,15.65,16.35,148444,EQ,,,
2005-11-26,16.6,16.7,16.0,16.2,96204,EQ,,,
2005-11-28,16.8,16.85,15.9,16.65,195779,EQ,,,
2005-11-29,16.8,16.8,16.05,16.15,101609,EQ,,,
2005-11-30,16.3,16.5,15.75,15.85,126684,EQ,,,
2005-12-01,15.85,16.05,15.7,15.85,85913,EQ,,,
2005-12-02,16.05,16.45,15.85,16.0,207923,EQ,,,
2005-12-05,16.4,16.4,15.4,15.55,118288,EQ,,,
2005-12-06,15.6,15.8,15.25,15.3,77194,EQ,,,
2005-12-07,15.0,15.4,14.65,14.9,147642,EQ,,,
2005-12-08,15.0,15.1,14.7,14.85,90866,EQ,,,
2005-12-09,15.0,15.5,14.75,15.2,396610,EQ,,,
2005-12-12,15.0,15.4,14.9,15.1,503079,EQ,,,
2005-12-13,15.1,15.2,14.9,14.95,158370,EQ,,,
2005-12-14,15.1,16.2,14.9,15.95,539929,EQ,,,
2005-12-15,16.25,16.25,15.0,15.2,395301,EQ,,,
2005-12-16,14.7,15.55,14.7,15.3,125837,EQ,,,
2005-12-19,14.9,15.4,14.9,15.25,162152,EQ,,,
2005-12-20,15.95,15.95,14.75,14.8,269350,EQ,,,
2005-12-21,14.8,14.8,14.4,14.45,202411,EQ,,,
2005-12-22,14.5,14.9,14.35,14.45,179349,EQ,,,
2005-12-23,14.6,14.65,14.05,14.1,79567,EQ,,,
2005-12-26,15.0,15.0,13.75,14.05,96188,EQ,,,
2005-12-27,14.25,14.4,14.0,14.3,100904,EQ,,,
2005-12-28,14.4,14.4,14.0,14.05,67869,EQ,,,
2005-12-29,14.2,14.4,13.9,14.05,119812,EQ,,,
2005-12-30,14.3,14.75,14.05,14.5,266894,EQ,,,
2006-01-02,15.0,15.25,14.55,14.7,182251,EQ,,,
2006-01-03,15.1,15.1,14.8,14.95,99497,EQ,,,
2006-01-04,15.25,15.25,14.7,14.9,120617,EQ,,,
2006-01-05,14.55,15.1,14.5,14.7,105795,EQ,,,
2006-01-06,14.7,14.8,14.25,14.3,175782,EQ,,,
2006-01-09,14.5,14.75,14.3,14.3,91572,EQ,,,
2006-01-10,14.4,14.4,14.0,14.05,93914,EQ,,,
2006-01-12,14.35,14.5,14.1,14.2,60092,EQ,,,
2006-01-13,14.65,14.65,14.0,14.0,129283,EQ,,,
2006-01-16,14.0,14.0,13.35,13.55,153825,EQ,,,
2006-01-17,13.0,13.95,13.0,13.3,147093,EQ,,,
2006-01-18,13.5,13.5,13.1,13.25,60367,EQ,,,
2006-01-19,13.55,13.8,13.4,13.65,220072,EQ,,,
2006-01-20,13.8,14.05,13.3,13.4,174971,EQ,,,
2006-01-23,13.7,13.7,13.25,13.4,155621,EQ,,,
2006-01-24,13.6,13.75,13.3,13.35,101388,EQ,,,
2006-01-25,13.35,13.55,13.0,13.1,149233,EQ,,,
2006-01-27,13.05,14.45,13.05,14.45,326320,EQ,,,
2006-01-30,15.35,15.35,14.05,14.2,675428,EQ,,,
2006-01-31,14.3,14.35,13.75,13.85,212474,EQ,,,
2006-02-01,14.0,14.0,13.2,13.25,124775,EQ,,,
2006-02-02,13.65,13.65,12.95,13.05,266323,EQ,,,
2006-02-03,13.0,13.25,12.7,13.05,154245,EQ,,,
2006-02-06,13.25,13.6,12.9,13.1,514718,EQ,,,
2006-02-07,13.45,13.7,13.15,13.35,262709,EQ,,,
2006-02-08,13.1,13.3,13.0,13.05,116749,EQ,,,
2006-02-10,13.15,13.2,12.95,13.0,201070,EQ,,,
2006-02-13,13.45,13.6,12.95,13.05,251627,EQ,,,
2006-02-14,13.0,13.4,12.7,12.8,199897,EQ,,,
2006-02-15,13.0,13.05,12.7,12.75,350898,EQ,,,
2006-02-16,12.95,13.55,12.65,13.15,880734,EQ,,,
2006-02-17,13.3,13.5,12.85,12.9,285517,EQ,,,
2006-02-20,13.05,13.05,12.7,12.95,146126,EQ,,,
2006-02-21,12.85,13.8,12.85,13.4,331871,EQ,,,
2006-02-22,13.6,15.0,13.4,14.35,1135484,EQ,,,
2006-02-23,14.25,15.1,14.1,14.55,986830,EQ,,,
2006-02-24,14.85,15.3,14.25,14.65,877724,EQ,,,
2006-02-27,14.9,15.4,14.6,14.7,315789,EQ,,,
2006-02-28,15.0,15.2,14.15,14.65,431290,EQ,,,
2006-03-01,14.45,14.85,14.4,14.6,435901,EQ,,,
2006-03-02,14.85,15.2,14.5,14.65,599360,EQ,,,
2006-03-03,14.8,15.1,14.35,14.5,349703,EQ,,,
2006-03-06,15.8,15.8,14.55,15.45,893594,EQ,,,
2006-03-07,15.8,16.4,15.5,15.95,977298,EQ,,,
2006-03-08,16.0,16.15,14.9,15.0,484689,EQ,,,
2006-03-09,15.55,15.55,14.6,15.15,503602,EQ,,,
2006-03-10,15.15,15.5,14.95,15.05,488454,EQ,,,
2006-03-13,15.35,15.55,15.05,15.15,510534,EQ,,,
2006-03-14,15.1,15.35,14.65,14.7,234028,EQ,,,
2006-03-16,15.0,15.1,14.45,14.45,306622,EQ,,,
2006-03-17,14.45,14.7,13.8,13.85,284570,EQ,,,
2006-03-20,13.6,13.95,13.0,13.6,317761,EQ,,,
2006-03-21,13.55,14.0,13.5,13.5,313153,EQ,,,
2006-03-22,13.55,13.6,13.15,13.25,228594,EQ,,,
2006-03-23,13.2,14.75,13.05,14.05,532546,EQ,,,
2006-03-24,14.35,14.4,13.85,14.05,685062,EQ,,,
2006-03-27,14.35,16.9,14.35,16.9,2258564,EQ,,,
2006-03-28,18.0,18.0,17.1,17.3,3055357,EQ,,,
2006-03-29,17.7,17.9,16.0,16.7,1069791,EQ,,,
2006-03-30,17.0,17.75,16.65,17.45,1098681,EQ,,,
2006-03-31,17.05,18.05,17.0,17.15,872894,EQ,,,
2006-04-03,18.0,19.4,17.8,18.65,1427439,EQ,,,
2006-04-04,18.65,19.25,18.0,18.35,911619,EQ,,,
2006-04-05,18.65,18.9,18.15,18.25,489125,EQ,,,
2006-04-07,18.5,19.25,17.5,17.75,1142775,EQ,,,
2006-04-10,18.8,19.45,17.9,19.3,1280991,EQ,,,
2006-04-12,19.5,20.5,19.0,19.25,1580720,EQ,,,
2006-04-13,19.35,19.35,17.9,18.4,1162201,EQ,,,
2006-04-17,19.0,19.1,18.3,18.75,658399,EQ,,,
2006-04-18,21.9,21.9,16.6,18.85,546446,EQ,,,
2006-04-19,19.0,19.8,18.9,19.15,974164,EQ,,,
2006-04-20,19.05,19.9,19.05,19.5,595429,EQ,,,
2006-04-21,16.6,19.5,16.6,18.9,750655,EQ,,,
2006-04-24,18.3,19.75,18.3,19.05,624116,EQ,,,
2006-04-25,19.05,19.1,18.25,18.35,240512,EQ,,,
2006-04-26,18.45,18.85,18.35,18.65,363958,EQ,,,
2006-04-27,18.65,19.0,18.05,18.15,368654,EQ,,,
2006-04-28,16.65,17.7,16.3,16.95,1016810,EQ,,,
2006-04-29,17.05,17.9,17.0,17.4,466390,EQ,,,
2006-05-02,17.55,18.15,17.25,17.7,809863,EQ,,,
2006-05-03,18.15,18.55,17.3,18.2,862059,EQ,,,
2006-05-04,18.5,18.9,18.05,18.1,516078,EQ,,,
2006-05-05,18.4,19.35,18.0,18.4,935195,EQ,,,
2006-05-08,18.4,19.3,18.4,18.85,620788,EQ,,,
2006-05-09,19.25,22.25,19.15,21.8,4462331,EQ,,,
2006-05-10,21.65,22.65,21.1,21.4,2147997,EQ,,,
2006-05-11,21.45,21.45,20.5,20.7,812622,EQ,,,
2006-05-12,20.55,22.5,19.2,20.85,1740337,EQ,,,
2006-05-15,20.95,21.7,19.15,19.45,1340046,EQ,,,
2006-05-16,19.9,20.35,18.0,18.9,1332685,EQ,,,
2006-05-17,19.0,19.75,18.35,19.0,2005888,EQ,,,
2006-05-18,19.45,19.45,16.6,16.9,823987,EQ,,,
2006-05-19,16.8,17.65,15.45,15.7,539127,EQ,,,
2006-05-22,15.7,15.7,12.6,13.65,1015029,EQ,,,
2006-05-23,14.05,15.45,12.9,15.2,449847,EQ,,,
2006-05-24,15.9,16.4,14.7,14.9,520267,EQ,,,
2006-05-25,14.7,15.5,14.05,15.35,275374,EQ,,,
2006-05-26,15.65,16.45,15.65,15.8,352352,EQ,,,
2006-05-29,16.15,16.35,15.75,16.1,289110,EQ,,,
2006-05-30,16.0,16.4,15.75,15.95,209504,EQ,,,
2006-05-31,14.55,15.45,14.55,14.8,330165,EQ,,,
2006-06-01,15.15,15.5,13.55,13.95,295009,EQ,,,
2006-06-02,14.15,14.5,12.5,14.05,381081,EQ,,,
2006-06-05,14.45,14.65,13.55,13.8,348961,EQ,,,
2006-06-06,12.8,13.7,12.8,13.15,118931,EQ,,,
2006-06-07,13.15,13.6,12.2,12.35,349229,EQ,,,
2006-06-08,12.35,12.35,10.85,11.2,398996,EQ,,,
2006-06-09,11.6,12.9,11.25,12.65,320480,EQ,,,
2006-06-12,12.55,12.55,11.8,12.0,160135,EQ,,,
2006-06-13,11.2,11.9,11.15,11.25,171221,EQ,,,
2006-06-14,12.5,12.5,11.0,11.05,149472,EQ,,,
2006-06-15,11.5,12.0,11.4,11.9,127584,EQ,,,
2006-06-16,12.4,13.0,12.3,12.55,406448,EQ,,,
2006-06-19,12.5,12.7,11.9,12.6,212744,EQ,,,
2006-06-20,12.6,12.75,11.2,12.65,105471,EQ,,,
2006-06-21,12.65,13.35,12.45,13.2,224815,EQ,,,
2006-06-22,13.5,14.25,13.5,13.8,303901,EQ,,,
2006-06-23,13.5,15.0,13.25,14.8,380553,EQ,,,
2006-06-25,15.5,15.5,14.75,15.0,168500,EQ,,,
2006-06-26,15.0,15.9,13.6,13.75,512974,EQ,,,
2006-06-27,13.8,14.2,13.35,13.85,306328,EQ,,,
2006-06-28,13.5,13.8,13.1,13.6,185906,EQ,,,
2006-06-29,13.7,14.1,13.3,13.45,106027,EQ,,,
2006-06-30,14.25,14.55,13.8,13.95,173563,EQ,,,
2006-07-03,13.65,14.05,13.6,13.7,114035,EQ,,,
2006-07-04,13.9,13.9,13.3,13.5,101119,EQ,,,
2006-07-05,13.6,13.75,13.5,13.65,146599,EQ,,,
2006-07-06,13.7,13.75,13.45,13.6,76206,EQ,,,
2006-07-07,13.65,13.75,13.25,13.25,112028,EQ,,,
2006-07-10,13.25,13.35,12.8,12.9,75092,EQ,,,
2006-07-11,12.85,13.0,12.75,12.85,54612,EQ,,,
2006-07-12,12.5,12.85,12.0,12.75,86362,EQ,,,
2006-07-13,13.45,13.45,12.7,12.85,46106,EQ,,,
2006-07-14,12.85,12.95,12.3,12.5,64581,EQ,,,
2006-07-17,12.5,12.8,12.25,12.35,65703,EQ,,,
2006-07-18,12.45,12.45,11.8,11.9,85063,EQ,,,
2006-07-19,12.0,12.3,11.55,11.7,87153,EQ,,,
2006-07-20,12.2,12.2,11.75,11.85,74823,EQ,,,
2006-07-21,11.9,11.9,11.2,11.4,93594,EQ,,,
2006-07-24,11.25,11.5,11.2,11.4,39389,EQ,,,
2006-07-25,11.45,11.85,11.45,11.55,42296,EQ,,,
2006-07-26,11.55,11.95,11.25,11.6,119125,EQ,,,
2006-07-27,11.55,11.85,11.55,11.6,35820,EQ,,,
2006-07-28,11.55,12.2,11.55,12.05,155328,EQ,,,
2006-07-31,12.05,13.0,12.05,12.2,55903,EQ,,,
2006-08-01,12.0,12.1,11.7,12.0,102013,EQ,,,
2006-08-02,11.95,12.65,11.95,12.05,45818,EQ,,,
2006-08-03,11.85,12.55,11.6,12.4,165411,EQ,,,
2006-08-04,12.6,13.0,12.3,12.55,233975,EQ,,,
2006-08-07,12.3,12.45,12.2,12.25,32773,EQ,,,
2006-08-08,12.4,12.7,12.35,12.6,62035,EQ,,,
2006-08-09,12.5,13.4,12.5,13.0,222225,EQ,,,
2006-08-10,13.0,13.45,12.8,13.1,176455,EQ,,,
2006-08-11,13.2,14.15,13.1,13.9,478449,EQ,,,
2006-08-14,14.35,14.35,13.9,13.95,395716,EQ,,,
2006-08-16,14.25,14.35,13.8,13.95,270150,EQ,,,
2006-08-17,14.0,14.0,13.3,13.35,180619,EQ,,,
2006-08-18,13.15,13.4,13.1,13.2,162828,EQ,,,
2006-08-21,13.4,13.45,13.0,13.3,62101,EQ,,,
2006-08-22,13.3,13.85,13.3,13.6,169376,EQ,,,
2006-08-23,13.6,13.95,13.4,13.5,185013,EQ,,,
2006-08-24,13.05,13.75,13.05,13.65,72721,EQ,,,
2006-08-25,13.65,13.9,13.45,13.7,147762,EQ,,,
2006-08-28,13.9,14.25,13.6,14.05,239300,EQ,,,
2006-08-29,14.0,14.35,13.9,14.0,290379,EQ,,,
2006-08-30,13.9,13.9,13.6,13.65,102601,EQ,,,
2006-08-31,13.95,13.95,13.2,13.25,108422,EQ,,,
2006-09-01,13.05,13.45,12.75,13.25,67961,EQ,,,
2006-09-04,13.15,13.45,13.1,13.35,67596,EQ,,,
2006-09-05,13.55,14.0,13.4,13.8,243798,EQ,,,
2006-09-06,13.9,14.1,13.65,13.75,150512,EQ,,,
2006-09-07,13.7,15.2,13.65,14.85,511032,EQ,,,
2006-09-08,15.0,16.2,14.7,15.3,1509801,EQ,,,
2006-09-11,15.6,15.65,13.95,14.05,690726,EQ,,,
2006-09-12,14.1,14.45,13.6,14.3,451042,EQ,,,
2006-09-13,14.75,14.75,14.2,14.3,274941,EQ,,,
2006-09-14,14.1,14.4,13.9,14.2,200797,EQ,,,
2006-09-15,14.2,14.7,13.8,14.1,159861,EQ,,,
2006-09-18,14.3,14.4,13.95,14.0,125414,EQ,,,
2006-09-19,14.15,14.3,13.55,13.7,107995,EQ,,,
2006-09-20,13.7,14.05,13.65,13.75,118878,EQ,,,
2006-09-21,13.95,14.25,13.75,13.85,119168,EQ,,,
2006-09-22,14.1,14.1,13.5,13.55,71438,EQ,,,
2006-09-25,13.55,14.25,13.5,13.65,264747,EQ,,,
2006-09-26,13.9,13.9,13.5,13.7,171775,EQ,,,
2006-09-27,14.05,14.05,13.5,13.75,145498,EQ,,,
2006-09-28,13.8,14.15,13.55,13.8,181354,EQ,,,
2006-09-29,14.0,14.9,14.0,14.55,661625,EQ,,,
2006-10-03,14.7,14.75,14.25,14.35,338167,EQ,,,
2006-10-04,13.7,14.4,13.7,14.1,184046,EQ,,,
2006-10-05,14.25,15.35,14.25,14.9,1226094,EQ,,,
2006-10-06,15.25,15.55,14.7,14.85,855739,EQ,,,
2006-10-09,14.75,15.0,14.6,14.65,222017,EQ,,,
2006-10-10,14.95,15.45,14.6,14.8,541064,EQ,,,
2006-10-11,14.5,15.0,14.25,14.3,306674,EQ,,,
2006-10-12,14.5,14.6,14.25,14.4,137786,EQ,,,
2006-10-13,14.35,14.75,14.15,14.2,176336,EQ,,,
2006-10-16,14.6,14.6,14.0,14.1,144816,EQ,,,
2006-10-17,14.05,14.4,13.95,14.2,189194,EQ,,,
2006-10-18,14.3,14.75,14.0,14.3,405208,EQ,,,
2006-10-19,14.85,14.85,14.2,14.3,376283,EQ,,,
2006-10-20,14.65,14.7,14.2,14.3,276827,EQ,,,
2006-10-21,14.2,14.65,14.05,14.45,69345,EQ,,,
2006-10-23,14.55,14.8,14.15,14.15,92748,EQ,,,
2006-10-26,14.35,14.5,14.2,14.2,101146,EQ,,,
2006-10-27,14.3,14.6,14.3,14.3,162797,EQ,,,
2006-10-30,14.45,14.45,14.2,14.2,135706,EQ,,,
2006-10-31,14.15,14.15,13.75,13.8,138179,EQ,,,
2006-11-01,13.85,14.05,13.8,13.8,94912,EQ,,,
2006-11-02,13.7,14.0,13.45,13.55,186313,EQ,,,
2006-11-03,13.55,13.8,13.4,13.55,171222,EQ,,,
2006-11-06,13.6,13.95,13.6,13.75,229339,EQ,,,
2006-11-07,13.9,14.1,13.55,13.6,98824,EQ,,,
2006-11-08,13.5,13.7,13.25,13.3,154531,EQ,,,
2006-11-09,13.55,13.55,13.2,13.4,81465,EQ,,,
2006-11-10,13.25,13.45,13.15,13.15,125775,EQ,,,
2006-11-13,13.3,13.45,13.1,13.2,67814,EQ,,,
2006-11-14,13.4,13.5,12.9,12.95,146482,EQ,,,
2006-11-15,13.15,13.15,12.85,12.9,64081,EQ,,,
2006-11-16,12.85,13.05,12.6,12.65,171442,EQ,,,
2006-11-17,12.65,12.75,12.4,12.45,87954,EQ,,,
2006-11-20,12.25,12.35,12.1,12.15,118163,EQ,,,
2006-11-21,12.2,12.7,12.15,12.6,162607,EQ,,,
2006-11-22,12.8,12.9,12.6,12.75,96823,EQ,,,
2006-11-23,12.75,12.75,12.3,12.4,70201,EQ,,,
2006-11-24,12.55,12.85,12.35,12.55,184633,EQ,,,
2006-11-27,12.55,12.65,12.45,12.5,123213,EQ,,,
2006-11-28,12.25,12.45,12.25,12.35,34994,EQ,,,
2006-11-29,12.4,12.9,12.35,12.65,142114,EQ,,,
2006-11-30,12.75,12.85,12.35,12.4,105624,EQ,,,
2006-12-01,12.65,12.65,12.3,12.6,120835,EQ,,,
2006-12-04,12.6,12.65,12.3,12.4,117927,EQ,,,
2006-12-05,12.45,14.2,12.45,14.0,604317,EQ,,,
2006-12-06,14.45,14.45,13.2,13.35,278342,EQ,,,
2006-12-07,13.35,13.4,12.9,12.95,87244,EQ,,,
2006-12-08,13.0,13.15,12.75,12.95,82390,EQ,,,
2006-12-11,12.9,12.9,12.4,12.55,91730,EQ,,,
2006-12-12,12.5,12.85,11.75,11.95,160413,EQ,,,
2006-12-13,11.85,12.25,11.55,12.15,89771,EQ,,,
2006-12-14,12.3,12.45,12.1,12.25,81877,EQ,,,
2006-12-15,12.4,13.2,12.3,12.8,184569,EQ,,,
2006-12-18,12.8,13.0,12.55,12.7,108455,EQ,,,
2006-12-19,12.6,13.0,12.35,12.45,114367,EQ,,,
2006-12-20,12.45,12.8,12.45,12.55,152421,EQ,,,
2006-12-21,12.45,13.6,12.45,12.9,248498,EQ,,,
2006-12-22,12.75,13.3,12.75,12.8,134309,EQ,,,
2006-12-26,13.0,13.3,12.7,13.0,254439,EQ,,,
2006-12-27,13.3,13.3,12.7,12.75,112680,EQ,,,
2006-12-28,12.9,13.1,12.6,12.75,181623,EQ,,,
2006-12-29,12.9,12.9,12.6,12.7,117697,EQ,,,
2007-01-02,13.0,13.25,12.7,13.05,178939,EQ,,,
2007-01-03,13.25,13.35,12.95,13.1,167226,EQ,,,
2007-01-04,13.0,13.5,13.0,13.3,137356,EQ,,,
2007-01-05,13.15,14.7,13.15,14.5,954646,EQ,,,
2007-01-08,14.7,14.7,14.0,14.3,389622,EQ,,,
2007-01-09,14.4,15.35,14.1,14.4,709504,EQ,,,
2007-01-10,14.8,14.8,14.1,14.2,300038,EQ,,,
2007-01-11,14.3,14.7,13.9,14.1,378366,EQ,,,
2007-01-12,14.35,14.9,14.25,14.7,531995,EQ,,,
2007-01-15,14.9,17.25,14.1,16.65,3903352,EQ,,,
2007-01-16,16.85,16.85,15.6,15.75,1287170,EQ,,,
2007-01-17,15.85,16.6,15.35,15.55,1206715,EQ,,,
2007-01-18,15.7,16.0,15.0,15.1,661045,EQ,,,
2007-01-19,15.0,15.45,14.6,15.05,510012,EQ,,,
2007-01-22,15.3,15.9,15.15,15.4,516379,EQ,,,
2007-01-23,15.3,15.6,14.9,15.0,453829,EQ,,,
2007-01-24,15.0,16.15,15.0,15.95,1034606,EQ,,,
2007-01-25,16.2,16.65,15.8,15.9,1313668,EQ,,,
2007-01-29,16.2,16.4,15.65,15.75,360558,EQ,,,
2007-01-31,16.0,16.25,15.2,15.25,360477,EQ,,,
2007-02-01,15.2,15.6,15.15,15.3,236993,EQ,,,
2007-02-02,15.55,15.7,15.1,15.2,283976,EQ,,,
2007-02-05,15.45,15.45,14.85,15.05,326666,EQ,,,
2007-02-06,15.25,15.4,15.0,15.05,185943,EQ,,,
2007-02-07,15.0,15.5,15.0,15.3,413408,EQ,,,
2007-02-08,15.2,15.45,15.1,15.2,293540,EQ,,,
2007-02-09,15.1,15.4,14.75,14.8,375077,EQ,,,
2007-02-12,13.1,14.6,13.1,13.85,328286,EQ,,,
2007-02-13,13.35,14.3,13.35,13.85,289249,EQ,,,
2007-02-14,14.1,14.2,13.5,14.05,358557,EQ,,,
2007-02-15,14.3,14.55,14.15,14.25,181998,EQ,,,
2007-02-19,14.5,14.5,14.1,14.2,176678,EQ,,,
2007-02-20,14.3,14.35,13.85,13.9,129806,EQ,,,
2007-02-21,14.25,14.25,13.75,13.9,78220,EQ,,,
2007-02-22,13.9,14.15,13.55,13.7,201533,EQ,,,
2007-02-23,13.8,13.95,13.1,13.25,143288,EQ,,,
2007-02-26,13.85,13.85,13.15,13.55,210793,EQ,,,
2007-02-27,13.9,14.25,13.55,13.8,286222,EQ,,,
2007-02-28,13.15,14.2,13.0,13.6,215062,EQ,,,
2007-03-01,13.6,13.9,13.5,13.8,167062,EQ,,,
2007-03-02,14.0,14.25,13.65,13.65,140392,EQ,,,
2007-03-05,13.1,13.25,12.05,12.4,509687,EQ,,,
2007-03-06,12.3,13.2,11.1,12.6,224438,EQ,,,
2007-03-07,12.7,12.9,12.0,12.2,348051,EQ,,,
2007-03-08,11.8,13.15,11.8,12.95,154983,EQ,,,
2007-03-09,13.0,13.4,12.7,13.05,149197,EQ,,,
2007-03-12,13.45,13.45,12.95,13.1,78394,EQ,,,
2007-03-13,13.1,13.25,12.6,13.05,44676,EQ,,,
2007-03-14,12.65,13.05,12.5,13.0,66037,EQ,,,
2007-03-15,13.45,13.45,12.7,12.75,60754,EQ,,,
2007-03-16,13.25,13.25,12.6,12.7,79572,EQ,,,
2007-03-19,13.0,13.0,12.5,12.6,54397,EQ,,,
2007-03-20,12.8,12.95,12.55,12.6,112380,EQ,,,
2007-03-21,12.7,12.7,12.6,12.65,46603,EQ,,,
2007-03-22,12.75,12.85,12.6,12.7,64419,EQ,,,
2007-03-23,12.6,12.8,12.5,12.6,84858,EQ,,,
2007-03-26,12.6,12.65,12.45,12.5,186559,EQ,,,
2007-03-28,12.5,12.5,12.1,12.15,172020,EQ,,,
2007-03-29,12.15,12.4,12.15,12.2,78660,EQ,,,
2007-03-30,12.5,13.0,12.5,12.75,243463,EQ,,,
2007-04-02,12.55,12.75,12.45,12.65,109167,EQ,,,
2007-04-03,12.45,12.75,12.45,12.6,42318,EQ,,,
2007-04-04,12.75,12.85,12.65,12.7,37903,EQ,,,
2007-04-05,12.6,13.85,12.5,13.5,478124,EQ,,,
2007-04-09,13.95,14.5,13.75,14.25,260898,EQ,,,
2007-04-10,14.25,14.4,13.75,13.9,127748,EQ,,,
2007-04-11,14.0,14.5,14.0,14.15,155539,EQ,,,
2007-04-12,14.0,14.4,13.5,13.95,65125,EQ,,,
2007-04-13,14.0,14.2,13.85,13.95,97554,EQ,,,
2007-04-16,14.4,14.4,14.0,14.15,126655,EQ,,,
2007-04-17,14.5,14.5,13.9,13.9,105987,EQ,,,
2007-04-18,13.95,14.15,13.85,13.95,64593,EQ,,,
2007-04-19,13.75,13.9,13.5,13.65,56070,EQ,,,
2007-04-20,13.65,14.25,13.65,13.9,129215,EQ,,,
2007-04-23,14.05,15.0,13.95,14.45,319474,EQ,,,
2007-04-24,14.5,14.65,14.15,14.2,152315,EQ,,,
2007-04-25,14.2,14.3,14.0,14.05,82016,EQ,,,
2007-04-26,14.15,14.2,13.65,13.75,73614,EQ,,,
2007-04-27,13.75,13.85,13.5,13.65,56569,EQ,,,
2007-04-30,13.75,14.1,13.6,13.95,44406,EQ,,,
2007-05-03,14.4,14.4,13.95,14.15,117345,EQ,,,
2007-05-04,14.1,14.85,14.05,14.4,353058,EQ,,,
2007-05-07,14.85,16.15,14.8,15.55,1194482,EQ,,,
2007-05-08,15.9,15.9,14.65,14.85,467338,EQ,,,
2007-05-09,14.8,14.95,14.45,14.75,224676,EQ,,,
2007-05-10,15.0,16.1,15.0,15.25,801256,EQ,,,
2007-05-11,14.6,15.7,14.6,15.2,329149,EQ,,,
2007-05-14,15.25,16.85,15.1,16.55,1066795,EQ,,,
2007-05-15,16.7,16.9,15.95,16.1,317518,EQ,,,
2007-05-16,16.4,16.45,15.95,16.3,237149,EQ,,,
2007-05-17,16.8,16.9,15.9,16.1,471219,EQ,,,
2007-05-18,16.15,16.35,15.75,15.8,351550,EQ,,,
2007-05-21,16.5,18.8,15.75,15.9,419234,EQ,,,
2007-05-22,15.8,16.15,14.95,15.25,657146,EQ,,,
2007-05-23,15.25,15.5,15.05,15.1,217555,EQ,,,
2007-05-24,15.25,15.25,14.9,15.05,118413,EQ,,,
2007-05-25,15.0,15.2,14.7,15.05,160790,EQ,,,
2007-05-28,15.1,15.95,15.1,15.6,255132,EQ,,,
2007-05-29,15.9,18.4,15.65,17.7,6606533,EQ,,,
2007-05-30,17.9,17.9,16.45,16.55,2434912,EQ,,,
2007-05-31,17.0,17.0,15.9,16.05,1201038,EQ,,,
2007-06-01,16.2,16.8,15.85,16.0,1060700,EQ,,,
2007-06-04,16.25,16.35,15.55,15.7,401013,EQ,,,
2007-06-05,15.45,15.9,15.45,15.6,316174,EQ,,,
2007-06-06,15.55,16.8,15.15,15.25,1358086,EQ,,,
2007-06-07,15.0,15.85,15.0,15.2,855913,EQ,,,
2007-06-08,15.5,15.7,14.9,15.3,575234,EQ,,,
2007-06-11,16.0,16.0,14.95,15.05,274166,EQ,,,
2007-06-12,15.05,15.05,14.5,14.8,295029,EQ,,,
2007-06-13,14.5,15.15,14.5,14.9,370354,EQ,,,
2007-06-14,15.15,15.35,14.9,15.2,307601,EQ,,,
2007-06-15,15.45,15.6,15.1,15.15,196926,EQ,,,
2007-06-18,15.2,15.25,14.85,14.9,150042,EQ,,,
2007-06-19,14.85,14.9,14.65,14.75,153596,EQ,,,
2007-06-20,14.85,15.2,14.75,14.8,205987,EQ,,,
2007-06-21,14.75,14.9,14.65,14.7,130081,EQ,,,
2007-06-22,14.5,14.8,14.5,14.6,242029,EQ,,,
2007-06-25,14.65,14.75,14.55,14.6,143479,EQ,,,
2007-06-26,14.6,14.95,14.55,14.6,166187,EQ,,,
2007-06-27,14.5,14.7,14.5,14.55,97598,EQ,,,
2007-06-28,14.75,15.25,14.65,14.75,169167,EQ,,,
2007-06-29,14.6,14.9,14.6,14.8,101727,EQ,,,
2007-07-02,14.8,15.25,14.8,14.95,180846,EQ,,,
2007-07-03,15.1,15.2,14.65,14.7,462117,EQ,,,
2007-07-04,14.75,15.3,14.7,15.0,370894,EQ,,,
2007-07-05,15.2,15.2,14.7,14.8,156008,EQ,,,
2007-07-06,14.95,15.45,14.8,15.05,343159,EQ,,,
2007-07-09,15.15,15.3,14.85,14.95,198350,EQ,,,
2007-07-10,15.0,15.1,14.75,14.8,213406,EQ,,,
2007-07-11,14.6,15.0,14.55,14.8,166308,EQ,,,
2007-07-12,15.0,15.2,14.85,14.95,465436,EQ,,,
2007-07-13,15.15,16.3,14.75,15.7,2064392,EQ,,,
2007-07-16,15.7,16.7,15.7,16.05,1220980,EQ,,,
2007-07-17,16.35,16.7,15.5,15.6,562397,EQ,,,
2007-07-18,15.5,16.15,15.3,15.65,416738,EQ,,,
2007-07-19,15.8,16.1,15.5,15.6,231204,EQ,,,
2007-07-20,15.95,16.1,15.4,15.65,336306,EQ,,,
2007-07-23,15.5,15.75,15.2,15.25,206548,EQ,,,
2007-07-24,14.8,15.55,14.8,14.95,278592,EQ,,,
2007-07-25,14.85,15.3,14.8,14.9,236297,EQ,,,
2007-07-26,14.85,15.4,14.85,15.15,258355,EQ,,,
2007-07-27,15.1,15.1,14.6,14.8,171785,EQ,,,
2007-07-30,15.0,16.6,14.6,15.75,926998,EQ,,,
2007-07-31,15.8,16.45,15.4,15.5,566181,EQ,,,
2007-08-01,15.6,15.7,14.75,14.85,344635,EQ,,,
2007-08-02,15.0,15.5,14.85,14.95,255162,EQ,,,
2007-08-03,15.1,15.2,14.8,14.9,192574,EQ,,,
2007-08-06,14.6,14.9,14.6,14.75,179845,EQ,,,
2007-08-07,15.0,15.1,14.8,14.85,147741,EQ,,,
2007-08-08,15.0,15.7,14.9,15.15,332675,EQ,,,
2007-08-09,15.4,15.85,15.0,15.1,470135,EQ,,,
2007-08-10,14.8,15.1,14.75,14.95,199043,EQ,,,
2007-08-13,15.2,15.45,15.1,15.25,319020,EQ,,,
2007-08-14,15.1,16.25,15.1,15.8,827656,EQ,,,
2007-08-16,15.85,16.6,14.85,15.35,889791,EQ,,,
2007-08-17,15.55,15.8,14.75,15.0,305878,EQ,,,
2007-08-20,15.7,15.8,15.1,15.6,259643,EQ,,,
2007-08-21,15.6,16.25,14.9,15.0,914331,EQ,,,
2007-08-22,15.15,15.45,14.55,14.95,317818,EQ,,,
2007-08-23,15.25,15.55,14.6,14.7,319279,EQ,,,
2007-08-24,15.0,15.2,14.75,14.95,295485,EQ,,,
2007-08-27,15.2,15.45,15.05,15.15,364809,EQ,,,
2007-08-28,15.25,15.3,14.9,15.0,211930,EQ,,,
2007-08-29,14.95,16.4,14.9,15.95,2079971,EQ,,,
2007-08-30,16.35,16.5,15.8,15.85,1094457,EQ,,,
2007-08-31,15.85,17.5,15.8,17.05,2736770,EQ,,,
2007-09-03,17.45,18.3,17.1,18.0,2617150,EQ,,,
2007-09-04,17.2,18.4,17.2,17.75,1216665,EQ,,,
2007-09-05,18.0,18.1,17.1,17.35,791077,EQ,,,
2007-09-06,17.4,17.8,17.0,17.6,825378,EQ,,,
2007-09-07,17.85,18.15,17.05,17.15,827349,EQ,,,
2007-09-10,17.3,17.7,16.35,17.2,695670,EQ,,,
2007-09-11,17.5,17.65,16.7,16.95,358795,EQ,,,
2007-09-12,17.35,17.55,16.8,16.9,561459,EQ,,,
2007-09-13,17.2,18.25,17.1,17.85,807435,EQ,,,
2007-09-14,18.3,19.8,18.3,18.8,3365548,EQ,,,
2007-09-17,19.25,22.6,18.8,22.25,5222144,EQ,,,
2007-09-18,22.65,24.7,22.5,23.7,7144797,EQ,,,
2007-09-19,26.1,26.1,22.75,23.2,2862820,EQ,,,
2007-09-20,23.8,23.8,22.35,22.6,1479093,EQ,,,
2007-09-21,22.6,23.7,21.85,22.85,2267297,EQ,,,
2007-09-24,23.45,25.15,23.0,25.15,1830942,EQ,,,
2007-09-25,26.0,27.7,25.75,27.7,7118256,EQ,,,
2007-09-26,28.2,29.4,24.95,26.9,4284232,EQ,,,
2007-09-27,27.95,27.95,26.2,26.45,1535739,EQ,,,
2007-09-28,26.95,28.4,25.65,27.05,2532606,EQ,,,
2007-10-01,27.65,29.8,26.2,29.3,5196145,EQ,,,
2007-10-03,29.5,31.1,27.25,29.3,3531599,EQ,,,
2007-10-04,29.85,30.75,28.1,30.1,2918282,EQ,,,
2007-10-05,30.25,31.3,29.0,29.4,3863238,EQ,,,
2007-10-08,30.5,30.5,26.5,26.7,1496108,EQ,,,
2007-10-09,26.55,28.0,25.4,27.7,1381237,EQ,,,
2007-10-10,28.9,28.9,25.5,27.15,1110740,EQ,,,
2007-10-11,27.9,28.0,26.3,26.95,600299,EQ,,,
2007-10-12,27.0,27.95,25.8,26.0,1127956,EQ,,,
2007-10-15,26.9,27.25,26.1,27.1,861117,EQ,,,
2007-10-16,26.55,27.5,26.0,26.55,669451,EQ,,,
2007-10-17,25.0,27.0,23.9,26.6,658160,EQ,,,
2007-10-18,28.0,28.0,23.95,24.75,622196,EQ,,,
2007-10-19,24.9,25.2,22.3,23.1,1051272,EQ,,,
2007-10-22,22.45,24.0,22.0,23.05,237188,EQ,,,
2007-10-23,23.95,25.4,23.8,25.4,907907,EQ,,,
2007-10-24,26.7,27.0,25.45,26.05,512063,EQ,,,
2007-10-25,25.0,27.2,25.0,26.4,792144,EQ,,,
2007-10-26,26.25,27.25,26.0,26.3,496613,EQ,,,
2007-10-29,26.95,28.8,25.55,25.95,438619,EQ,,,
2007-10-30,26.2,26.25,24.9,25.2,311922,EQ,,,
2007-10-31,25.65,25.95,24.5,24.7,318007,EQ,,,
2007-11-01,24.7,25.9,23.15,23.7,495933,EQ,,,
2007-11-02,22.85,24.0,22.85,23.55,261525,EQ,,,
2007-11-05,23.7,24.95,23.15,23.9,329476,EQ,,,
2007-11-06,24.4,26.3,23.9,25.2,1018228,EQ,,,
2007-11-07,25.85,27.0,23.65,25.8,917901,EQ,,,
2007-11-08,24.15,27.25,24.15,25.8,495075,EQ,,,
2007-11-09,26.3,28.25,25.55,27.45,745937,EQ,,,
2007-11-12,27.9,30.15,27.0,28.7,3162756,EQ,,,
2007-11-13,29.45,34.45,29.2,34.35,7858785,EQ,,,
2007-11-14,36.45,37.8,34.55,37.8,6602173,EQ,,,
2007-11-15,39.3,41.6,35.3,37.0,6725498,EQ,,,
2007-11-16,36.0,37.55,34.1,34.85,2064949,EQ,,,
2007-11-19,35.5,36.75,33.7,33.95,1268241,EQ,,,
2007-11-20,33.75,37.35,33.0,36.15,2946109,EQ,,,
2007-11-21,36.2,36.8,32.55,33.0,1458120,EQ,,,
2007-11-22,32.6,33.8,29.7,30.55,1212353,EQ,,,
2007-11-23,31.1,32.6,30.8,31.75,864707,EQ,,,
2007-11-26,32.4,34.25,32.4,33.4,893091,EQ,,,
2007-11-27,34.8,35.1,33.0,34.0,1106620,EQ,,,
2007-11-28,34.5,36.3,33.05,34.8,1703609,EQ,,,
2007-11-29,36.2,36.45,33.75,34.05,971644,EQ,,,
2007-11-30,34.75,35.8,34.05,34.45,871052,EQ,,,
2007-12-03,34.85,35.9,34.6,35.4,870759,EQ,,,
2007-12-04,35.9,36.4,34.8,35.45,976771,EQ,,,
2007-12-05,35.6,39.0,35.6,39.0,1897957,EQ,,,
2007-12-06,42.9,42.9,38.75,39.35,4654423,EQ,,,
2007-12-07,40.0,40.8,36.5,38.05,1386324,EQ,,,
2007-12-10,37.5,40.4,37.5,39.0,1640122,EQ,,,
2007-12-11,39.5,39.9,37.5,38.35,1280495,EQ,,,
2007-12-12,36.0,42.2,36.0,42.2,3181096,EQ,,,
2007-12-13,42.9,46.45,41.5,46.45,6739066,EQ,,,
2007-12-14,47.4,48.8,45.8,47.35,3688441,EQ,,,
2007-12-17,49.0,49.0,45.0,45.0,1598072,EQ,,,
2007-12-18,45.0,45.0,42.75,42.75,1051915,EQ,,,
2007-12-19,42.15,44.3,40.7,41.4,1068281,EQ,,,
2007-12-20,41.4,42.45,39.35,39.4,639631,EQ,,,
2007-12-24,40.0,41.4,39.15,41.2,879296,EQ,,,
2007-12-26,42.4,43.3,41.5,43.3,221572,EQ,,,
2007-12-27,45.5,45.5,45.4,45.5,278647,EQ,,,
2007-12-28,47.8,47.8,44.2,47.45,2066459,EQ,,,
2007-12-31,48.0,49.5,47.55,48.45,1251733,EQ,,,
2008-01-01,49.4,50.9,47.7,49.95,3162908,EQ,,,
2008-01-02,50.6,51.0,47.45,47.85,1368517,EQ,,,
2008-01-03,47.0,47.9,45.65,46.3,788486,EQ,,,
2008-01-04,45.25,47.7,45.0,45.4,883310,EQ,,,
2008-01-07,44.0,47.65,44.0,46.65,1230960,EQ,,,
2008-01-08,47.45,49.0,44.35,44.35,651686,EQ,,,
2008-01-09,43.95,43.95,42.15,42.15,441590,EQ,,,
2008-01-10,42.15,42.7,40.05,40.05,303539,EQ,,,
2008-01-11,40.0,40.0,38.05,38.6,349442,EQ,,,
2008-01-14,38.95,40.55,37.15,40.5,476353,EQ,,,
2008-01-15,41.45,42.55,40.1,40.55,531919,EQ,,,
2008-01-16,39.0,39.8,38.55,38.55,312867,EQ,,,
2008-01-17,38.55,40.5,38.1,40.2,671430,EQ,,,
2008-01-18,39.0,40.2,38.2,38.2,361185,EQ,,,
2008-01-21,38.0,38.0,36.3,36.3,43112,EQ,,,
2008-01-22,34.5,34.5,34.5,34.5,6978,EQ,,,
2008-01-23,32.8,32.8,32.8,32.8,42596,EQ,,,
2008-01-24,31.2,31.2,31.2,31.2,59172,EQ,,,
2008-01-25,29.65,29.65,29.65,29.65,66166,EQ,,,
2008-01-28,28.2,28.5,28.2,28.2,262285,EQ,,,
2008-01-29,28.2,29.65,27.15,27.9,492054,EQ,,,
2008-01-30,27.25,28.75,26.5,26.5,312920,EQ,,,
2008-01-31,26.0,27.2,25.3,26.25,418145,EQ,,,
2008-02-01,25.75,27.6,25.5,27.55,241085,EQ,,,
2008-02-04,28.5,28.95,28.4,28.95,44376,EQ,,,
2008-02-05,30.4,30.4,29.1,30.4,180105,EQ,,,
2008-02-06,29.7,31.95,29.0,31.95,439229,EQ,,,
2008-02-07,33.5,33.55,30.35,30.65,534550,EQ,,,
2008-02-08,30.0,30.25,29.15,29.15,183171,EQ,,,
2008-02-11,28.6,28.6,27.7,27.7,15352,EQ,,,
2008-02-12,28.0,28.0,26.35,26.35,29637,EQ,,,
2008-02-13,25.05,25.95,25.05,25.05,131303,EQ,,,
2008-02-14,26.2,26.3,25.6,26.3,179642,EQ,,,
2008-02-15,26.9,27.65,25.0,27.5,428286,EQ,,,
2008-02-18,28.6,28.9,27.05,28.85,327422,EQ,,,
2008-02-19,29.8,30.1,28.7,29.0,276955,EQ,,,
2008-02-20,28.4,28.9,27.55,28.1,236052,EQ,,,
2008-02-21,28.5,29.2,26.8,27.9,370393,EQ,,,
2008-02-22,27.5,29.0,27.5,28.05,193688,EQ,,,
2008-02-25,27.1,28.4,26.7,27.3,144164,EQ,,,
2008-02-26,27.75,28.1,27.1,27.3,109960,EQ,,,
2008-02-27,28.0,28.25,27.5,27.55,170907,EQ,,,
2008-02-28,27.9,28.1,27.0,27.65,230481,EQ,,,
2008-02-29,28.0,28.15,26.5,26.8,116950,EQ,,,
2008-03-03,28.0,28.0,25.5,25.5,248570,EQ,,,
2008-03-04,24.25,25.35,24.25,24.25,200714,EQ,,,
2008-03-05,24.4,24.4,23.05,23.1,281376,EQ,,,
2008-03-07,22.5,22.5,21.95,21.95,150963,EQ,,,
2008-03-10,19.8,22.4,19.75,21.8,346811,EQ,,,
2008-03-11,21.1,24.0,21.1,24.0,208162,EQ,,,
2008-03-12,25.95,26.1,23.05,23.45,367832,EQ,,,
2008-03-13,22.4,23.3,21.55,21.95,163174,EQ,,,
2008-03-14,22.0,22.9,20.5,21.4,221328,EQ,,,
2008-03-17,19.6,20.5,19.3,19.35,435570,EQ,,,
2008-03-18,18.5,19.9,17.65,18.6,328263,EQ,,,
2008-03-19,19.8,19.9,17.0,18.15,251967,EQ,,,
2008-03-24,18.05,18.8,16.4,16.75,440712,EQ,,,
2008-03-25,17.75,18.45,16.8,18.45,326986,EQ,,,
2008-03-26,18.05,20.0,18.05,19.55,376111,EQ,,,
2008-03-27,19.25,19.9,19.15,19.7,267179,EQ,,,
2008-03-28,19.9,21.7,19.4,21.6,400435,EQ,,,
2008-03-31,20.35,21.9,20.35,20.7,239550,EQ,,,
2008-04-01,21.45,22.5,19.6,20.3,161194,EQ,,,
2008-04-02,21.0,21.65,19.75,20.2,269340,EQ,,,
2008-04-03,20.85,20.85,19.35,19.95,109865,EQ,,,
2008-04-04,19.95,20.5,18.25,18.65,291823,EQ,,,
2008-04-07,18.3,18.9,17.2,18.7,178334,EQ,,,
2008-04-08,18.85,18.85,18.05,18.4,69178,EQ,,,
2008-04-09,18.3,19.4,18.25,19.25,168238,EQ,,,
2008-04-10,19.25,20.35,19.25,19.7,155847,EQ,,,
2008-04-11,20.0,20.9,19.4,19.45,134079,EQ,,,
2008-04-15,19.3,19.4,18.5,18.85,184794,EQ,,,
2008-04-16,19.2,20.0,19.2,19.6,241086,EQ,,,
2008-04-17,19.8,21.6,17.65,21.6,796668,EQ,,,
2008-04-21,22.45,23.8,21.8,23.8,840498,EQ,,,
2008-04-22,24.4,25.9,22.6,24.85,795818,EQ,,,
2008-04-23,25.0,25.25,23.65,23.95,349817,EQ,,,
2008-04-24,24.5,24.55,22.8,23.15,199323,EQ,,,
2008-04-25,24.0,24.0,22.25,22.75,162076,EQ,,,
2008-04-28,23.0,23.3,22.1,22.3,93802,EQ,,,
2008-04-29,22.5,23.45,22.4,22.75,200688,EQ,,,
2008-04-30,23.0,23.5,21.65,21.75,271038,EQ,,,
2008-05-02,22.4,22.4,21.2,21.4,256274,EQ,,,
2008-05-05,21.3,22.5,21.25,21.55,877230,EQ,,,
2008-05-06,21.6,22.05,21.1,21.35,212177,EQ,,,
2008-05-07,22.3,22.3,21.0,21.15,177659,EQ,,,
2008-05-08,21.0,21.25,20.25,20.85,188854,EQ,,,
2008-05-09,20.95,21.4,20.2,20.35,146254,EQ,,,
2008-05-12,19.4,20.2,18.75,19.95,152259,EQ,,,
2008-05-13,20.0,21.4,20.0,20.75,162614,EQ,,,
2008-05-14,21.2,21.5,20.3,21.25,201205,EQ,,,
2008-05-15,21.3,22.1,21.1,21.25,119906,EQ,,,
2008-05-16,22.5,22.5,21.0,21.2,155032,EQ,,,
2008-05-20,20.6,21.95,20.6,21.0,153008,EQ,,,
2008-05-21,20.55,21.55,20.55,21.45,162573,EQ,,,
2008-05-22,21.5,23.3,20.85,22.3,609161,EQ,,,
2008-05-23,22.4,22.85,20.6,20.85,280671,EQ,,,
2008-05-26,20.05,20.8,19.85,19.9,160384,EQ,,,
2008-05-27,20.45,20.7,19.5,19.6,124773,EQ,,,
2008-05-28,19.6,20.1,18.65,19.9,185192,EQ,,,
2008-05-29,20.75,20.75,19.7,19.8,91199,EQ,,,
2008-05-30,20.0,20.15,19.25,19.85,109012,EQ,,,
2008-06-02,19.9,19.95,18.55,18.75,120256,EQ,,,
2008-06-03,18.5,19.4,17.0,18.6,157458,EQ,,,
2008-06-04,18.9,19.4,18.3,18.4,93974,EQ,,,
2008-06-05,17.8,18.75,17.5,17.95,98598,EQ,,,
2008-06-06,18.0,18.45,18.0,18.2,63720,EQ,,,
2008-06-09,16.7,17.85,16.7,17.05,94946,EQ,,,
2008-06-10,17.15,17.6,17.05,17.2,78180,EQ,,,
2008-06-11,17.6,17.75,17.2,17.7,83091,EQ,,,
2008-06-12,17.4,18.3,17.0,18.1,66007,EQ,,,
2008-06-13,18.0,18.55,17.3,18.35,62781,EQ,,,
2008-06-16,18.6,20.2,18.6,19.1,766922,EQ,,,
2008-06-17,19.3,19.4,18.65,18.85,262795,EQ,,,
2008-06-18,18.5,19.35,18.4,18.45,209664,EQ,,,
2008-06-19,18.4,18.8,18.0,18.6,105737,EQ,,,
2008-06-20,19.3,19.3,17.2,17.75,304133,EQ,,,
2008-06-23,17.7,17.8,16.7,16.85,204407,EQ,,,
2008-06-24,17.0,17.35,16.45,16.85,115373,EQ,,,
2008-06-25,16.15,17.0,16.1,16.95,145833,EQ,,,
2008-06-26,18.0,18.45,17.05,17.75,163349,EQ,,,
2008-06-27,16.3,17.65,16.25,16.6,126463,EQ,,,
2008-06-30,17.3,17.3,15.2,15.5,115396,EQ,,,
2008-07-01,15.0,15.9,14.5,14.85,154993,EQ,,,
2008-07-02,15.3,15.9,13.5,15.65,240032,EQ,,,
2008-07-03,15.0,15.3,14.1,14.2,114607,EQ,,,
2008-07-04,15.65,15.65,13.9,14.7,119465,EQ,,,
2008-07-07,15.0,15.5,14.35,14.95,122597,EQ,,,
2008-07-08,14.85,15.2,14.45,15.0,71852,EQ,,,
2008-07-09,15.45,15.9,15.05,15.6,157665,EQ,,,
2008-07-10,15.6,18.0,15.3,16.2,186356,EQ,,,
2008-07-11,16.0,17.9,16.0,16.8,371708,EQ,,,
2008-07-14,16.0,16.4,15.5,15.65,187060,EQ,,,
2008-07-15,14.5,15.75,13.0,15.1,103623,EQ,,,
2008-07-16,15.4,17.2,15.25,15.6,620863,EQ,,,
2008-07-17,15.95,16.5,15.3,15.4,191238,EQ,,,
2008-07-18,15.25,16.0,15.2,15.8,164367,EQ,,,
2008-07-21,16.0,16.05,15.55,15.95,133506,EQ,,,
2008-07-22,15.85,16.7,15.65,15.8,284013,EQ,,,
2008-07-23,16.5,17.0,15.9,16.35,981371,EQ,,,
2008-07-24,16.7,16.95,15.9,16.1,237964,EQ,,,
2008-07-25,15.5,16.8,15.25,16.4,222865,EQ,,,
2008-07-28,16.1,18.05,16.1,17.5,422118,EQ,,,
2008-07-29,16.7,18.35,16.7,17.75,561604,EQ,,,
2008-07-30,17.95,18.5,17.7,17.9,376868,EQ,,,
2008-07-31,18.05,19.0,17.55,18.0,418621,EQ,,,
2008-08-01,17.95,18.6,17.55,18.4,260579,EQ,,,
2008-08-04,18.5,22.1,18.45,21.4,2261090,EQ,,,
2008-08-05,21.4,21.5,20.05,20.35,779082,EQ,,,
2008-08-06,21.0,21.0,18.9,19.05,524411,EQ,,,
2008-08-07,19.05,20.1,18.75,19.1,476961,EQ,,,
2008-08-08,19.0,19.7,18.9,19.25,286994,EQ,,,
2008-08-11,19.0,19.8,19.0,19.2,154292,EQ,,,
2008-08-12,19.0,19.35,18.7,18.75,179097,EQ,,,
2008-08-13,18.1,19.5,18.1,18.9,223035,EQ,,,
2008-08-14,18.95,19.15,18.25,18.35,135744,EQ,,,
2008-08-18,18.5,18.65,17.9,18.0,123428,EQ,,,
2008-08-19,18.0,18.15,17.65,18.05,99740,EQ,,,
2008-08-20,18.0,18.9,18.0,18.6,183123,EQ,,,
2008-08-21,18.85,18.85,17.8,17.9,128369,EQ,,,
2008-08-22,17.9,17.9,17.5,17.6,111365,EQ,,,
2008-08-25,18.35,18.35,17.65,17.75,70570,EQ,,,
2008-08-26,17.35,17.85,17.35,17.7,87103,EQ,,,
2008-08-27,17.95,17.95,17.6,17.65,73823,EQ,,,
2008-08-28,17.35,17.8,17.25,17.35,53483,EQ,,,
2008-08-29,17.85,18.5,17.5,18.2,212793,EQ,,,
2008-09-01,18.45,18.45,17.75,17.95,52040,EQ,,,
2008-09-02,18.0,18.0,17.7,17.95,78515,EQ,,,
2008-09-04,17.55,17.7,17.35,17.45,87238,EQ,,,
2008-09-05,17.35,17.7,17.15,17.55,40644,EQ,,,
2008-09-08,17.85,17.95,17.6,17.75,62881,EQ,,,
2008-09-09,17.55,17.9,17.25,17.4,84503,EQ,,,
2008-09-10,17.1,17.5,16.1,17.2,86095,EQ,,,
2008-09-11,16.9,17.35,16.65,16.7,91121,EQ,,,
2008-09-12,16.95,16.95,16.3,16.45,74315,EQ,,,
2008-09-15,14.0,16.5,14.0,15.7,123846,EQ,,,
2008-09-16,14.05,15.5,14.0,15.3,85913,EQ,,,
2008-09-17,15.25,15.7,14.9,15.15,105199,EQ,,,
2008-09-18,14.5,15.25,14.1,15.05,167353,EQ,,,
2008-09-19,15.4,15.55,15.2,15.4,133189,EQ,,,
2008-09-22,15.6,15.7,15.2,15.3,76217,EQ,,,
2008-09-23,15.05,15.4,14.85,15.0,90987,EQ,,,
2008-09-24,14.8,15.7,14.8,15.55,95962,EQ,,,
2008-09-25,15.2,16.1,15.2,15.95,152302,EQ,,,
2008-09-26,15.5,16.2,14.8,15.05,181341,EQ,,,
2008-09-29,14.7,15.4,13.85,14.1,191196,EQ,,,
2008-09-30,13.35,14.25,13.05,14.15,185654,EQ,,,
2008-10-01,14.1,14.3,13.8,13.95,132652,EQ,,,
2008-10-03,13.95,14.3,13.8,14.05,126793,EQ,,,
2008-10-06,14.3,14.3,13.05,13.3,247965,EQ,,,
2008-10-07,13.4,13.75,12.65,12.75,468454,EQ,,,
2008-10-08,12.5,12.5,10.6,11.05,564310,EQ,,,
2008-10-10,10.75,11.1,10.0,10.85,252364,EQ,,,
2008-10-13,11.15,11.7,10.7,11.5,102344,EQ,,,
2008-10-14,13.0,13.25,11.8,11.9,101861,EQ,,,
2008-10-15,11.65,11.9,10.8,10.95,119186,EQ,,,
2008-10-16,11.45,12.25,10.0,10.7,209931,EQ,,,
2008-10-17,10.55,11.45,10.55,10.75,131486,EQ,,,
2008-10-20,11.0,11.15,10.55,10.7,97783,EQ,,,
2008-10-21,10.25,12.7,10.25,10.9,66174,EQ,,,
2008-10-22,11.0,11.0,10.2,10.55,92081,EQ,,,
2008-10-23,10.0,10.45,10.0,10.2,55559,EQ,,,
2008-10-24,9.4,10.3,8.5,8.75,195562,EQ,,,
2008-10-27,8.05,9.0,7.5,8.15,114577,EQ,,,
2008-10-28,8.15,9.4,8.15,9.05,45736,EQ,,,
2008-10-29,9.15,9.6,8.5,8.75,105529,EQ,,,
2008-10-31,7.0,9.25,7.0,9.0,187300,EQ,,,
2008-11-03,9.5,9.95,9.15,9.85,135788,EQ,,,
2008-11-04,9.3,10.6,9.3,10.35,126498,EQ,,,
2008-11-05,10.7,10.75,9.75,9.85,180010,EQ,,,
2008-11-06,9.25,9.8,9.0,9.65,216136,EQ,,,
2008-11-07,9.7,9.9,9.25,9.7,77816,EQ,,,
2008-11-10,9.7,10.35,9.7,10.1,108014,EQ,,,
2008-11-11,9.7,10.1,9.7,9.8,126076,EQ,,,
2008-11-12,9.55,9.8,9.15,9.15,313134,EQ,,,
2008-11-14,9.25,9.8,9.2,9.3,98574,EQ,,,
2008-11-17,9.1,9.5,8.8,9.3,390616,EQ,,,
2008-11-18,9.0,9.25,8.8,8.95,229999,EQ,,,
2008-11-19,9.35,9.4,8.7,8.8,90226,EQ,,,
2008-11-20,8.6,8.6,7.9,8.0,285286,EQ,,,
2008-11-21,7.9,8.15,7.0,7.7,528909,EQ,,,
2008-11-24,8.5,8.5,7.6,7.9,95355,EQ,,,
2008-11-25,7.8,8.15,7.8,8.05,86297,EQ,,,
2008-11-26,7.95,8.2,7.85,8.15,57897,EQ,,,
2008-11-28,8.2,8.2,7.75,8.05,37034,EQ,,,
2008-12-01,8.0,8.7,7.7,8.35,1907822,EQ,,,
2008-12-02,8.0,8.6,8.0,8.45,220705,EQ,,,
2008-12-03,8.4,8.7,8.25,8.65,49165,EQ,,,
2008-12-04,8.5,8.9,8.5,8.8,336423,EQ,,,
2008-12-05,8.85,9.1,8.7,9.05,23841,EQ,,,
2008-12-08,9.1,9.3,8.9,8.9,101404,EQ,,,
2008-12-10,8.85,9.25,8.8,9.1,68133,EQ,,,
2008-12-11,9.35,9.35,8.95,9.05,131320,EQ,,,
2008-12-12,8.15,10.8,8.15,10.55,254301,EQ,,,
2008-12-15,10.35,10.8,10.25,10.55,232293,EQ,,,
2008-12-16,9.6,10.9,9.6,10.45,78534,EQ,,,
2008-12-17,9.5,10.95,9.5,10.05,119827,EQ,,,
2008-12-18,9.5,10.45,9.5,10.35,107134,EQ,,,
2008-12-19,10.2,10.8,10.2,10.4,130291,EQ,,,
2008-12-22,10.55,10.95,10.35,10.35,140221,EQ,,,
2008-12-23,10.0,10.4,9.85,10.05,59290,EQ,,,
2008-12-24,9.85,10.05,9.6,9.95,75895,EQ,,,
2008-12-26,10.2,10.25,9.8,9.9,50478,EQ,,,
2008-12-29,9.25,10.1,9.25,10.05,95180,EQ,,,
2008-12-30,10.25,10.25,9.8,10.15,53009,EQ,,,
2008-12-31,10.05,10.3,10.0,10.1,52699,EQ,,,
2009-01-01,10.05,12.15,10.0,11.9,675824,EQ,,,
2009-01-02,13.9,13.9,11.5,11.7,509839,EQ,,,
2009-01-05,11.95,12.25,11.7,12.0,138874,EQ,,,
2009-01-06,12.0,12.6,11.65,11.9,249201,EQ,,,
2009-01-07,12.0,12.6,10.4,10.7,450507,EQ,,,
2009-01-09,9.75,10.9,9.75,9.95,188038,EQ,,,
2009-01-12,9.75,10.2,9.75,10.0,53954,EQ,,,
2009-01-13,9.85,10.15,9.85,9.95,83701,EQ,,,
2009-01-14,9.95,10.3,9.95,10.05,129664,EQ,,,
2009-01-15,11.95,11.95,9.5,9.95,77378,EQ,,,
2009-01-16,9.95,10.05,9.6,9.95,212191,EQ,,,
2009-01-19,9.7,10.3,9.7,10.1,59076,EQ,,,
2009-01-20,9.15,10.35,9.15,9.95,49024,EQ,,,
2009-01-21,9.15,10.0,9.15,9.7,38686,EQ,,,
2009-01-22,9.15,10.0,9.15,9.75,191606,EQ,,,
2009-01-23,9.05,9.95,9.05,9.65,64007,EQ,,,
2009-01-27,9.15,10.0,9.15,9.75,176613,EQ,,,
2009-01-28,9.2,9.9,9.2,9.65,41314,EQ,,,
2009-01-29,9.25,9.85,9.25,9.6,24003,EQ,,,
2009-01-30,9.3,11.55,9.3,10.05,144815,EQ,,,
2009-02-02,9.3,10.1,9.3,9.8,58894,EQ,,,
2009-02-03,9.95,9.95,9.7,9.7,9965,EQ,,,
2009-02-04,9.6,10.2,9.6,9.9,266919,EQ,,,
2009-02-05,9.7,10.3,9.7,9.85,131892,EQ,,,
2009-02-06,9.8,10.2,9.7,9.85,76983,EQ,,,
2009-02-09,10.05,10.4,9.9,10.3,165480,EQ,,,
2009-02-10,10.6,11.25,10.3,10.5,367665,EQ,,,
2009-02-11,10.25,10.6,10.25,10.45,84526,EQ,,,
2009-02-12,10.2,10.5,10.05,10.15,53802,EQ,,,
2009-02-13,10.15,10.6,10.15,10.3,200700,EQ,,,
2009-02-16,10.3,10.35,10.0,10.1,44449,EQ,,,
2009-02-17,10.0,10.05,9.8,9.95,61980,EQ,,,
2009-02-18,9.85,10.45,9.75,10.4,177210,EQ,,,
2009-02-19,10.0,10.5,9.7,10.35,424376,EQ,,,
2009-02-20,10.1,10.35,9.95,10.2,122040,EQ,,,
2009-02-24,10.2,11.1,9.95,10.85,322719,EQ,,,
2009-02-25,11.95,11.95,10.8,10.9,139126,EQ,,,
2009-02-26,10.75,11.25,10.5,11.1,150923,EQ,,,
2009-02-27,10.85,11.15,10.85,11.05,80536,EQ,,,
2009-03-02,11.0,11.25,10.55,11.05,231324,EQ,,,
2009-03-03,10.5,10.75,10.1,10.3,124543,EQ,,,
2009-03-04,10.5,10.95,10.5,10.85,123618,EQ,,,
2009-03-05,10.55,10.85,10.4,10.5,103711,EQ,,,
2009-03-06,10.2,10.7,9.8,10.6,122633,EQ,,,
2009-03-09,10.35,11.3,10.35,11.15,194127,EQ,,,
2009-03-12,11.0,11.7,10.85,11.6,161173,EQ,,,
2009-03-13,11.5,12.15,11.5,11.95,314866,EQ,,,
2009-03-16,12.0,12.35,11.9,12.3,266530,EQ,,,
2009-03-17,12.35,12.7,12.25,12.6,199836,EQ,,,
2009-03-18,12.65,13.0,12.65,12.95,225635,EQ,,,
2009-03-19,12.4,13.3,12.35,13.05,123185,EQ,,,
2009-03-20,13.25,13.25,12.7,12.8,46568,EQ,,,
2009-03-23,12.95,13.05,12.7,12.7,71549,EQ,,,
2009-03-24,13.1,13.1,12.6,12.75,169162,EQ,,,
2009-03-25,12.3,12.95,12.3,12.55,133051,EQ,,,
2009-03-26,10.6,13.75,10.6,13.0,176908,EQ,,,
2009-03-27,13.05,13.3,12.35,12.4,178290,EQ,,,
2009-03-30,12.6,12.6,11.3,11.4,62743,EQ,,,
2009-03-31,11.5,12.0,11.2,11.8,40321,EQ,,,
2009-04-01,11.5,12.5,11.5,12.25,78977,EQ,,,
2009-04-02,12.6,13.0,12.25,12.65,143400,EQ,,,
2009-04-06,12.9,13.0,12.6,12.85,87702,EQ,,,
2009-04-08,12.85,13.85,12.5,13.4,213815,EQ,,,
2009-04-09,13.8,14.35,13.05,13.55,210290,EQ,,,
2009-04-13,13.9,14.65,13.25,14.4,546712,EQ,,,
2009-04-15,14.3,15.3,14.3,14.75,172925,EQ,,,
2009-04-16,15.5,15.55,14.4,14.45,177897,EQ,,,
2009-04-17,15.1,15.1,14.45,14.55,93905,EQ,,,
2009-04-20,13.35,14.7,13.35,14.5,52292,EQ,,,
2009-04-21,14.2,15.0,14.2,14.55,129579,EQ,,,
2009-04-22,14.8,14.9,14.4,14.6,69524,EQ,,,
2009-04-23,14.55,14.9,14.4,14.75,35510,EQ,,,
2009-04-24,14.9,15.15,14.55,15.05,237593,EQ,,,
2009-04-27,14.5,15.25,14.5,14.65,39087,EQ,,,
2009-04-28,14.55,14.8,14.5,14.7,68039,EQ,,,
2009-04-29,13.75,14.8,13.75,14.75,62369,EQ,,,
2009-05-04,15.5,16.0,14.5,14.7,176344,EQ,,,
2009-05-05,13.5,15.45,13.5,15.0,104520,EQ,,,
2009-05-06,14.15,16.1,14.15,15.45,256481,EQ,,,
2009-05-07,14.65,18.55,14.65,18.4,1532167,EQ,,,
2009-05-08,19.25,19.25,17.0,17.5,1835018,EQ,,,
2009-05-11,17.5,17.8,15.95,16.1,216830,EQ,,,
2009-05-12,15.55,16.2,15.15,15.85,226135,EQ,,,
2009-05-13,15.25,16.2,15.25,15.65,167531,EQ,,,
2009-05-14,15.35,15.65,14.55,15.35,77166,EQ,,,
2009-05-15,15.65,15.7,15.3,15.6,117665,EQ,,,
2009-05-18,16.85,17.0,16.85,17.0,589,EQ,,,
2009-05-19,17.1,17.7,15.1,16.5,346766,EQ,,,
2009-05-20,16.0,18.5,16.0,18.1,841871,EQ,,,
2009-05-21,17.05,19.7,17.05,18.3,617436,EQ,,,
2009-05-22,18.6,18.9,17.6,18.15,192256,EQ,,,
2009-05-25,18.5,20.05,18.35,19.8,691433,EQ,,,
2009-05-26,19.9,20.5,18.5,18.6,571218,EQ,,,
2009-05-27,19.4,19.4,18.8,19.15,219673,EQ,,,
2009-05-28,19.3,20.6,18.9,19.75,768344,EQ,,,
2009-05-29,20.0,21.0,19.75,20.45,987056,EQ,,,
2009-06-01,20.95,21.15,19.95,20.85,520846,EQ,,,
2009-06-02,20.95,22.25,19.5,21.95,2115655,EQ,,,
2009-06-03,22.3,23.0,21.1,22.5,1633911,EQ,,,
2009-06-04,22.75,27.0,22.75,27.0,4557841,EQ,,,
2009-06-05,28.0,28.2,24.3,24.35,2528207,EQ,,,
2009-06-08,24.5,25.0,21.95,22.0,932158,EQ,,,
2009-06-09,20.15,23.55,20.15,23.25,957372,EQ,,,
2009-06-10,23.4,24.25,21.45,21.9,781912,EQ,,,
2009-06-11,22.4,22.85,21.1,22.1,807058,EQ,,,
2009-06-12,22.15,22.9,20.8,21.15,583264,EQ,,,
2009-06-15,20.0,21.1,20.0,20.25,293944,EQ,,,
2009-06-16,19.0,21.6,19.0,21.05,527050,EQ,,,
2009-06-17,21.6,21.6,19.05,19.25,312116,EQ,,,
2009-06-18,18.1,19.6,17.55,17.75,276315,EQ,,,
2009-06-19,18.15,19.35,17.8,19.0,346671,EQ,,,
2009-06-22,19.5,20.0,18.3,18.6,227892,EQ,,,
2009-06-23,18.1,18.85,17.6,18.45,146021,EQ,,,
2009-06-24,18.7,19.4,18.5,19.2,227532,EQ,,,
2009-06-25,19.6,19.7,18.8,19.0,166439,EQ,,,
2009-06-26,19.0,19.5,18.8,19.25,145059,EQ,,,
2009-06-29,19.3,19.8,18.55,19.2,128408,EQ,,,
2009-06-30,19.3,19.6,18.4,18.5,109900,EQ,,,
2009-07-01,18.8,18.9,17.65,18.55,201086,EQ,,,
2009-07-02,18.05,19.2,18.05,18.9,252463,EQ,,,
2009-07-03,18.1,19.15,18.1,18.8,180080,EQ,,,
2009-07-06,18.5,19.45,17.8,17.9,175637,EQ,,,
2009-07-07,17.9,18.4,17.7,18.05,130030,EQ,,,
2009-07-08,16.3,18.8,16.3,18.0,288843,EQ,,,
2009-07-09,17.75,18.7,17.65,18.5,172756,EQ,,,
2009-07-10,18.15,21.8,17.7,18.3,223251,EQ,,,
2009-07-13,17.75,17.9,17.0,17.15,95279,EQ,,,
2009-07-14,17.1,17.9,17.1,17.75,102583,EQ,,,
2009-07-15,17.55,19.5,17.55,18.95,429209,EQ,,,
2009-07-16,19.0,19.8,18.7,18.95,398628,EQ,,,
2009-07-17,19.5,20.8,19.5,20.1,1433182,EQ,,,
2009-07-20,21.35,21.35,19.35,20.1,502739,EQ,,,
2009-07-21,19.55,22.7,19.55,22.25,2685257,EQ,,,
2009-07-22,22.25,22.7,18.5,20.65,1156383,EQ,,,
2009-07-23,20.75,22.05,20.75,21.45,821862,EQ,,,
2009-07-24,21.7,22.0,21.1,21.4,475666,EQ,,,
2009-07-27,21.55,23.45,21.2,22.8,1533318,EQ,,,
2009-07-28,23.2,23.45,22.0,22.25,858141,EQ,,,
2009-07-29,22.0,22.75,20.3,21.05,662846,EQ,,,
2009-07-30,21.1,21.75,20.55,21.4,354925,EQ,,,
2009-07-31,21.5,21.95,20.7,20.85,306099,EQ,,,
2009-08-03,21.0,22.4,20.75,22.2,744700,EQ,,,
2009-08-04,22.8,22.8,21.5,21.75,791064,EQ,,,
2009-08-05,21.75,22.8,21.5,22.35,873493,EQ,,,
2009-08-06,22.0,23.25,21.4,21.55,882126,EQ,,,
2009-08-07,21.45,21.85,20.2,20.5,400704,EQ,,,
2009-08-10,21.0,21.3,20.15,20.3,335181,EQ,,,
2009-08-11,21.0,21.0,20.0,20.3,215819,EQ,,,
2009-08-12,20.15,21.25,19.5,20.9,738969,EQ,,,
2009-08-13,21.0,23.2,20.95,22.8,2488026,EQ,,,
2009-08-14,23.1,23.1,21.8,21.95,724318,EQ,,,
2009-08-17,21.8,21.9,20.65,20.75,392605,EQ,,,
2009-08-18,20.9,21.3,20.65,20.9,395547,EQ,,,
2009-08-19,21.0,21.4,20.2,20.55,374813,EQ,,,
2009-08-20,21.45,21.6,20.8,21.0,487607,EQ,,,
2009-08-21,21.0,21.2,20.7,20.95,293877,EQ,,,
2009-08-24,21.45,22.1,21.1,21.5,433499,EQ,,,
2009-08-25,20.85,21.95,20.85,21.5,541596,EQ,,,
2009-08-26,21.5,22.2,21.5,21.85,510829,EQ,,,
2009-08-27,21.7,22.1,21.45,21.55,215938,EQ,,,
2009-08-28,21.6,24.25,21.2,23.9,1962179,EQ,,,
2009-08-31,23.5,27.4,23.5,26.65,8349309,EQ,,,
2009-09-01,26.8,27.15,23.2,24.1,3055250,EQ,,,
2009-09-02,23.3,25.2,23.2,24.15,1276032,EQ,,,
2009-09-03,24.3,24.6,23.5,23.75,548558,EQ,,,
2009-09-04,24.6,25.2,23.75,24.0,1181421,EQ,,,
2009-09-07,24.45,26.4,24.45,25.6,1908005,EQ,,,
2009-09-08,26.0,27.0,25.4,25.7,2965502,EQ,,,
2009-09-09,25.6,26.5,25.05,25.2,1168967,EQ,,,
2009-09-10,25.6,25.9,24.0,24.15,791290,EQ,,,
2009-09-11,24.5,24.9,23.25,23.55,540543,EQ,,,
2009-09-14,23.0,24.6,23.0,23.95,833003,EQ,,,
2009-09-15,24.3,25.4,24.1,24.65,1150863,EQ,,,
2009-09-16,25.4,25.75,24.7,25.15,1522863,EQ,,,
2009-09-17,25.5,25.6,24.2,24.4,569298,EQ,,,
2009-09-18,24.5,25.1,24.2,24.45,437557,EQ,,,
2009-09-22,24.65,24.85,24.2,24.45,317648,EQ,,,
2009-09-23,24.4,25.0,24.0,24.05,455620,EQ,,,
2009-09-24,24.1,24.4,23.75,24.05,360588,EQ,,,
2009-09-25,23.95,24.95,23.9,24.6,519908,EQ,,,
2009-09-29,24.5,25.35,24.3,24.65,507520,EQ,,,
2009-09-30,24.4,24.95,24.25,24.4,245850,EQ,,,
2009-10-01,24.4,26.2,24.2,25.5,1738399,EQ,,,
2009-10-05,25.0,25.55,24.4,24.5,804988,EQ,,,
2009-10-06,24.65,25.25,24.4,25.0,746676,EQ,,,
2009-10-07,25.35,25.75,24.8,24.85,634211,EQ,,,
2009-10-08,24.9,25.6,24.75,24.8,528051,EQ,,,
2009-10-09,25.05,25.3,24.65,24.75,315241,EQ,,,
2009-10-12,25.0,25.3,24.65,24.7,358366,EQ,,,
2009-10-14,24.75,25.3,24.75,24.9,448256,EQ,,,
2009-10-15,25.2,25.3,24.75,24.8,371727,EQ,,,
2009-10-16,25.0,25.0,24.75,24.8,155253,EQ,,,
2009-10-17,25.1,25.1,24.75,24.8,154203,EQ,,,
2009-10-20,25.0,27.4,25.0,26.9,1994809,EQ,,,
2009-10-21,27.1,27.2,25.2,25.65,861571,EQ,,,
2009-10-22,25.25,26.25,25.15,25.35,553279,EQ,,,
2009-10-23,25.75,27.1,25.6,25.95,1385326,EQ,,,
2009-10-26,26.0,26.0,24.75,25.05,281448,EQ,,,
2009-10-27,24.8,24.95,23.65,23.85,395580,EQ,,,
2009-10-28,24.0,24.0,23.0,23.6,227372,EQ,,,
2009-10-29,23.1,23.8,22.9,23.2,331663,EQ,,,
2009-10-30,23.4,23.85,22.6,22.85,242160,EQ,,,
2009-11-03,23.5,23.5,21.7,21.95,179150,EQ,,,
2009-11-04,22.2,23.2,21.95,22.85,135662,EQ,,,
2009-11-05,22.85,23.65,22.55,23.05,274305,EQ,,,
2009-11-06,23.25,24.4,23.25,24.2,319328,EQ,,,
2009-11-09,24.5,24.5,23.85,24.15,158411,EQ,,,
2009-11-10,24.25,24.7,23.75,24.0,155159,EQ,,,
2009-11-11,23.85,24.3,23.8,24.05,110503,EQ,,,
2009-11-12,24.7,27.2,24.2,25.95,2152760,EQ,,,
2009-11-13,26.25,26.25,25.05,25.3,377105,EQ,,,
2009-11-16,26.15,26.5,25.1,25.8,536593,EQ,,,
2009-11-17,26.0,26.2,25.3,25.4,274246,EQ,,,
2009-11-18,24.15,26.65,24.15,25.95,758118,EQ,,,
2009-11-19,26.0,26.5,24.55,24.9,758005,EQ,,,
2009-11-20,25.4,25.4,24.35,24.9,248725,EQ,,,
2009-11-23,24.5,25.6,24.2,24.95,126350,EQ,,,
2009-11-24,25.25,25.35,24.5,24.6,155667,EQ,,,
2009-11-25,24.5,25.15,24.2,24.25,253755,EQ,,,
2009-11-26,24.65,24.95,23.9,23.95,359304,EQ,,,
2009-11-27,23.7,23.8,23.15,23.7,175021,EQ,,,
2009-11-30,23.9,24.6,23.9,24.2,125484,EQ,,,
2009-12-01,24.3,25.25,24.0,24.65,150972,EQ,,,
2009-12-02,24.8,25.5,24.5,24.85,353819,EQ,,,
2009-12-03,24.7,25.6,24.7,25.2,226598,EQ,,,
2009-12-04,25.5,25.8,24.75,24.95,375590,EQ,,,
2009-12-07,26.2,26.3,25.45,25.75,1025301,EQ,,,
2009-12-08,25.7,25.9,25.4,25.55,219906,EQ,,,
2009-12-09,25.55,25.9,25.3,25.55,165469,EQ,,,
2009-12-10,25.35,25.9,25.25,25.35,146362,EQ,,,
2009-12-11,25.25,25.9,25.1,25.4,173003,EQ,,,
2009-12-14,25.35,25.85,25.25,25.4,127710,EQ,,,
2009-12-15,25.0,26.15,25.0,25.8,517321,EQ,,,
2009-12-16,25.5,26.05,25.25,25.55,370903,EQ,,,
2009-12-17,25.15,26.1,25.15,25.8,275381,EQ,,,
2009-12-18,25.5,26.0,25.5,25.85,290732,EQ,,,
2009-12-21,25.9,27.25,25.8,26.1,630484,EQ,,,
2009-12-22,25.4,26.7,25.4,26.4,296678,EQ,,,
2009-12-23,26.5,28.05,26.5,27.65,1299242,EQ,,,
2009-12-24,27.7,27.95,26.9,27.1,508404,EQ,,,
2009-12-29,27.05,31.2,27.05,30.45,3401936,EQ,,,
2009-12-30,30.7,31.1,29.5,29.75,2016544,EQ,,,
2009-12-31,30.0,30.7,29.15,29.4,819062,EQ,,,
2010-01-04,29.7,30.45,28.85,29.9,926204,EQ,,,
2010-01-05,30.6,31.0,30.05,30.65,1133274,EQ,,,
2010-01-06,30.9,31.9,30.45,31.6,1474471,EQ,,,
2010-01-07,31.65,31.75,30.45,30.75,843513,EQ,,,
2010-01-08,30.95,31.8,30.35,30.5,787787,EQ,,,
2010-01-11,30.85,31.1,30.2,30.7,715049,EQ,,,
2010-01-12,30.3,30.95,28.6,29.35,429285,EQ,,,
2010-01-13,28.5,30.6,28.5,29.7,583404,EQ,,,
2010-01-14,30.45,30.85,29.15,29.85,472872,EQ,,,
2010-01-15,29.25,31.0,29.25,29.85,516377,EQ,,,
2010-01-18,29.15,31.9,29.15,30.55,882027,EQ,,,
2010-01-19,30.15,31.25,29.6,29.7,332761,EQ,,,
2010-01-20,29.05,33.8,29.05,32.85,4111213,EQ,,,
2010-01-21,32.9,33.25,30.55,30.9,1663768,EQ,,,
2010-01-22,30.0,30.75,29.15,30.1,795962,EQ,,,
2010-01-25,29.35,32.4,29.1,30.2,1231468,EQ,,,
2010-01-27,29.9,31.1,26.6,27.4,2347041,EQ,,,
2010-01-28,32.8,32.8,27.5,28.4,771305,EQ,,,
2010-01-29,28.1,28.85,27.0,28.6,621331,EQ,,,
2010-02-01,29.4,30.4,29.0,29.8,731271,EQ,,,
2010-02-02,30.0,30.9,29.45,29.9,628603,EQ,,,
2010-02-03,33.8,33.8,30.6,31.0,1242555,EQ,,,
2010-02-04,31.05,31.25,29.6,29.85,518384,EQ,,,
2010-02-05,29.0,29.5,28.2,28.6,312769,EQ,,,
2010-02-06,28.1,29.4,28.1,28.75,74096,EQ,,,
2010-02-08,28.8,29.6,28.35,28.9,233710,EQ,,,
2010-02-09,28.5,29.25,27.65,27.95,292677,EQ,,,
2010-02-10,27.65,29.35,27.65,28.3,487114,EQ,,,
2010-02-11,28.5,28.8,28.35,28.5,173559,EQ,,,
2010-02-15,28.5,28.85,28.2,28.3,189769,EQ,,,
2010-02-16,28.2,31.5,28.2,30.9,2818374,EQ,,,
2010-02-17,31.3,31.3,29.7,29.85,840906,EQ,,,
2010-02-18,30.0,31.0,28.75,29.9,334641,EQ,,,
2010-02-19,29.9,29.9,28.55,29.15,173641,EQ,,,
2010-02-22,29.2,30.0,29.0,29.05,147801,EQ,,,
2010-02-23,28.9,29.25,28.6,28.7,144099,EQ,,,
2010-02-24,28.6,28.85,28.35,28.45,123022,EQ,,,
2010-02-25,28.35,30.5,28.25,28.4,79722,EQ,,,
2010-02-26,30.0,30.0,28.2,28.95,100140,EQ,,,
2010-03-02,28.5,30.2,28.5,29.65,191585,EQ,,,
2010-03-03,29.0,30.3,29.0,29.65,154178,EQ,,,
2010-03-04,29.5,31.2,29.5,30.9,2681378,EQ,,,
2010-03-05,31.0,31.75,30.8,30.85,573689,EQ,,,
2010-03-08,31.0,31.5,30.1,30.95,343428,EQ,,,
2010-03-09,30.5,31.1,30.5,30.7,113265,EQ,,,
2010-03-10,31.0,31.15,30.5,30.65,194848,EQ,,,
2010-03-11,29.1,31.0,29.1,30.3,202605,EQ,,,
2010-03-12,30.3,31.0,29.85,30.15,197159,EQ,,,
2010-03-15,29.1,30.5,29.1,30.15,181294,EQ,,,
2010-03-16,30.0,30.45,30.0,30.2,172403,EQ,,,
2010-03-17,30.5,31.8,30.0,30.7,576702,EQ,,,
2010-03-18,30.95,30.95,29.95,30.05,176557,EQ,,,
2010-03-19,29.75,31.7,29.75,31.15,551371,EQ,,,
2010-03-22,30.2,31.6,30.2,30.55,301176,EQ,,,
2010-03-23,29.3,31.5,29.3,30.75,456573,EQ,,,
2010-03-25,30.8,31.4,30.5,30.55,389330,EQ,,,
2010-03-26,30.6,31.0,30.45,30.6,220045,EQ,,,
2010-03-29,30.15,31.4,30.15,30.3,273524,EQ,,,
2010-03-30,30.15,31.0,30.15,30.25,205203,EQ,,,
2010-03-31,30.15,31.1,30.15,30.95,231578,EQ,,,
2010-04-01,30.3,34.45,30.3,33.8,2114456,EQ,,,
2010-04-05,34.1,35.35,33.6,34.45,2618431,EQ,,,
2010-04-06,35.0,35.4,33.5,34.45,1130625,EQ,,,
2010-04-07,34.5,35.15,33.5,33.95,667204,EQ,,,
2010-04-08,33.15,34.65,33.15,33.5,524965,EQ,,,
2010-04-09,32.25,34.5,32.25,33.4,185723,EQ,,,
2010-04-12,33.85,34.1,33.4,33.65,199736,EQ,,,
2010-04-13,34.05,34.1,33.05,33.2,169854,EQ,,,
2010-04-15,33.3,36.0,33.3,34.6,1870551,EQ,,,
2010-04-16,34.75,34.85,33.75,33.95,258842,EQ,,,
2010-04-19,33.8,34.25,33.2,33.3,204708,EQ,,,
2010-04-20,33.7,35.0,33.35,34.1,296058,EQ,,,
2010-04-21,33.75,35.05,33.75,34.35,317425,EQ,,,
2010-04-22,33.65,34.95,33.65,33.85,233452,EQ,,,
2010-04-23,33.25,34.5,33.25,34.0,197526,EQ,,,
2010-04-26,34.05,34.5,34.0,34.15,210286,EQ,,,
2010-04-27,34.4,34.4,33.55,34.1,263847,EQ,,,
2010-04-28,34.5,34.95,31.85,32.45,1061533,EQ,,,
2010-04-29,32.95,33.1,32.2,32.7,128070,EQ,,,
2010-04-30,32.55,33.4,31.6,32.15,199607,EQ,,,
2010-05-03,32.25,32.7,31.5,32.15,167154,EQ,,,
2010-05-04,32.05,32.55,30.45,30.75,177391,EQ,,,
2010-05-05,29.5,31.2,29.5,30.95,124740,EQ,,,
2010-05-06,30.8,32.3,30.4,31.45,179225,EQ,,,
2010-05-07,32.5,32.5,30.2,30.6,179169,EQ,,,
2010-05-10,30.15,31.4,30.15,31.25,133522,EQ,,,
2010-05-11,32.25,32.25,31.15,31.25,89984,EQ,,,
2010-05-12,31.1,31.7,30.9,31.05,106300,EQ,,,
2010-05-13,31.7,31.7,30.95,31.1,121353,EQ,,,
2010-05-14,31.05,31.55,30.8,30.9,118449,EQ,,,
2010-05-17,31.0,31.45,30.0,30.9,142604,EQ,,,
2010-05-18,30.95,31.1,30.5,30.65,66791,EQ,,,
2010-05-19,30.25,30.6,29.4,29.55,132283,EQ,,,
2010-05-20,29.75,29.9,29.1,29.35,78258,EQ,,,
2010-05-21,28.55,29.2,27.9,28.75,113253,EQ,,,
2010-05-24,29.2,29.5,28.7,28.9,87134,EQ,,,
2010-05-25,28.1,28.7,27.45,27.75,109323,EQ,,,
2010-05-26,29.35,29.35,27.95,28.7,76351,EQ,,,
2010-05-27,28.2,29.0,28.2,28.75,71980,EQ,,,
2010-05-28,31.0,31.0,28.9,29.35,199310,EQ,,,
2010-05-31,26.15,29.7,26.15,28.75,201409,EQ,,,
2010-06-01,28.75,29.1,28.1,28.2,175179,EQ,,,
2010-06-02,27.85,28.7,27.85,28.4,60652,EQ,,,
2010-06-03,28.85,29.75,28.5,29.2,157416,EQ,,,
2010-06-04,29.65,29.65,26.9,28.1,313619,EQ,,,
2010-06-07,27.25,28.3,27.25,27.95,43795,EQ,,,
2010-06-08,27.8,28.5,27.55,27.65,51052,EQ,,,
2010-06-09,27.1,28.15,27.1,27.8,83932,EQ,,,
2010-06-10,27.2,29.15,27.2,28.9,165081,EQ,,,
2010-06-11,28.95,29.35,28.15,28.4,102679,EQ,,,
2010-06-14,29.4,29.4,28.35,28.65,35472,EQ,,,
2010-06-15,28.75,29.05,28.2,28.35,87099,EQ,,,
2010-06-16,28.25,28.8,28.2,28.3,58331,EQ,,,
2010-06-17,28.0,28.85,28.0,28.6,45079,EQ,,,
2010-06-18,28.15,29.2,28.15,28.35,84543,EQ,,,
2010-06-21,28.25,29.7,28.25,29.4,199580,EQ,,,
2010-06-22,28.15,29.6,28.15,29.3,73407,EQ,,,
2010-06-23,29.0,29.95,29.0,29.65,130939,EQ,,,
2010-06-24,29.0,30.3,29.0,29.45,87080,EQ,,,
2010-06-25,29.45,29.85,29.05,29.15,37504,EQ,,,
2010-06-28,28.7,29.8,28.7,29.45,62940,EQ,,,
2010-06-29,29.2,29.7,28.7,28.75,54883,EQ,,,
2010-06-30,28.55,29.7,28.5,29.4,89147,EQ,,,
2010-07-01,28.15,29.9,28.15,29.55,45435,EQ,,,
2010-07-02,29.15,30.4,29.15,29.4,221429,EQ,,,
2010-07-05,28.15,31.8,28.15,31.15,1561436,EQ,,,
2010-07-06,31.1,31.6,30.55,30.65,325275,EQ,,,
2010-07-07,30.9,31.45,30.3,30.55,352036,EQ,,,
2010-07-08,31.4,31.4,30.4,30.5,199046,EQ,,,
2010-07-09,30.4,31.7,30.4,31.4,263676,EQ,,,
2010-07-12,31.1,31.7,30.9,30.95,127202,EQ,,,
2010-07-13,31.0,31.4,30.9,31.0,78954,EQ,,,
2010-07-14,30.55,31.6,30.55,30.85,114323,EQ,,,
2010-07-15,31.0,31.5,30.75,30.85,118466,EQ,,,
2010-07-16,31.0,31.65,30.95,31.3,151824,EQ,,,
2010-07-19,30.75,32.75,30.75,31.65,884432,EQ,,,
2010-07-20,31.95,31.95,30.9,30.95,139961,EQ,,,
2010-07-21,31.0,31.7,31.0,31.1,112516,EQ,,,
2010-07-22,31.4,31.4,30.85,31.05,81921,EQ,,,
2010-07-23,31.05,31.9,31.05,31.7,257999,EQ,,,
2010-07-26,32.1,32.1,31.25,31.7,224697,EQ,,,
2010-07-27,31.25,31.85,31.25,31.55,110469,EQ,,,
2010-07-28,31.35,32.2,31.3,31.95,180496,EQ,,,
2010-07-29,32.35,32.35,31.45,32.1,194881,EQ,,,
2010-07-30,32.25,32.25,31.6,31.9,161652,EQ,,,
2010-08-02,32.0,32.1,31.5,31.6,52788,EQ,,,
2010-08-03,31.5,32.1,31.4,31.75,85981,EQ,,,
2010-08-04,31.75,32.0,31.4,31.6,56273,EQ,,,
2010-08-05,31.95,33.1,31.6,32.5,336952,EQ,,,
2010-08-06,32.3,32.85,32.1,32.35,182521,EQ,,,
2010-08-09,32.7,33.95,32.3,32.85,1297055,EQ,,,
2010-08-10,32.75,33.5,32.3,32.45,185119,EQ,,,
2010-08-11,32.2,33.2,32.2,32.95,176860,EQ,,,
2010-08-12,32.95,32.95,32.0,32.25,127246,EQ,,,
2010-08-13,31.5,32.85,31.1,31.9,153029,EQ,,,
2010-08-16,32.2,32.2,31.3,31.35,68061,EQ,,,
2010-08-17,31.55,31.75,31.0,31.05,69407,EQ,,,
2010-08-18,31.0,31.45,31.0,31.05,99281,EQ,,,
2010-08-19,31.3,31.7,31.05,31.4,183169,EQ,,,
2010-08-20,31.4,32.6,31.3,31.65,289047,EQ,,,
2010-08-23,31.85,33.4,31.65,32.35,456977,EQ,,,
2010-08-24,32.65,32.95,32.1,32.6,148078,EQ,,,
2010-08-25,32.6,32.6,31.8,31.85,64157,EQ,,,
2010-08-26,31.95,32.2,31.6,31.75,77578,EQ,,,
2010-08-27,32.0,32.45,31.4,31.45,158447,EQ,,,
2010-08-30,32.0,32.1,31.3,31.4,57689,EQ,,,
2010-08-31,30.95,31.5,30.5,31.1,143278,EQ,,,
2010-09-01,31.25,32.6,31.25,32.45,147894,EQ,,,
2010-09-02,32.85,33.25,31.9,32.5,388506,EQ,,,
2010-09-03,32.5,33.5,32.2,32.7,448234,EQ,,,
2010-09-06,32.85,33.7,32.45,32.9,270872,EQ,,,
2010-09-07,33.0,34.9,32.9,34.05,969169,EQ,,,
2010-09-08,33.95,34.75,33.3,33.6,320962,EQ,,,
2010-09-09,33.55,34.2,33.3,33.85,250660,EQ,,,
2010-09-13,34.25,34.45,33.15,34.0,280017,EQ,,,
2010-09-14,34.1,34.3,33.0,33.15,220236,EQ,,,
2010-09-15,33.3,33.55,32.75,32.8,107031,EQ,,,
2010-09-16,32.6,32.95,32.0,32.1,77064,EQ,,,
2010-09-17,33.0,34.1,32.2,33.7,438201,EQ,,,
2010-09-20,34.0,34.2,32.75,32.95,290420,EQ,,,
2010-09-21,32.95,33.5,31.75,32.25,729223,EQ,,,
2010-09-22,32.65,33.25,32.1,32.65,324235,EQ,,,
2010-09-23,33.25,33.25,32.1,32.55,166225,EQ,,,
2010-09-24,32.3,33.0,32.15,32.25,112043,EQ,,,
2010-09-27,32.4,32.7,31.75,31.85,130383,EQ,,,
2010-09-28,31.85,32.25,31.75,32.0,124793,EQ,,,
2010-09-29,32.2,32.75,31.6,31.8,115919,EQ,,,
2010-09-30,31.8,31.9,31.0,31.4,128602,EQ,,,
2010-10-01,32.0,33.0,31.5,32.0,170204,EQ,,,
2010-10-04,32.0,32.75,31.6,31.7,116169,EQ,,,
2010-10-05,31.9,32.2,31.65,31.9,97342,EQ,,,
2010-10-06,32.15,32.9,31.75,32.3,216779,EQ,,,
2010-10-07,32.3,32.7,31.5,31.6,157460,EQ,,,
2010-10-08,32.0,32.0,31.25,31.35,81711,EQ,,,
2010-10-11,31.85,32.4,31.35,31.65,102239,EQ,,,
2010-10-12,30.7,31.85,30.7,31.4,52685,EQ,,,
2010-10-13,31.5,32.35,31.5,32.0,164254,EQ,,,
2010-10-14,32.0,32.5,31.6,31.75,165461,EQ,,,
2010-10-15,31.6,32.25,31.15,31.7,221632,EQ,,,
2010-10-18,31.9,31.9,31.35,31.5,54011,EQ,,,
2010-10-19,31.15,32.7,31.0,32.1,250965,EQ,,,
2010-10-20,31.75,32.3,31.3,31.6,103000,EQ,,,
2010-10-21,31.7,31.85,31.4,31.7,62806,EQ,,,
2010-10-22,31.7,31.7,31.0,31.05,154324,EQ,,,
2010-10-25,31.1,31.65,31.0,31.2,126561,EQ,,,
2010-10-26,31.5,31.8,31.0,31.2,132133,EQ,,,
2010-10-27,31.2,31.25,30.95,31.0,54586,EQ,,,
2010-10-28,31.0,31.45,31.0,31.0,61272,EQ,,,
2010-10-29,31.0,31.0,29.5,29.65,150132,EQ,,,
2010-11-01,31.0,31.0,29.35,29.6,109901,EQ,,,
2010-11-02,29.5,30.15,29.5,29.85,58497,EQ,,,
2010-11-03,30.0,30.6,29.6,29.6,61855,EQ,,,
2010-11-04,30.1,30.1,29.1,29.25,77836,EQ,,,
2010-11-05,29.7,29.7,29.2,29.25,17577,EQ,,,
2010-11-08,29.3,30.7,29.15,30.3,109393,EQ,,,
2010-11-09,30.9,30.9,30.0,30.15,75179,EQ,,,
2010-11-10,30.05,30.95,30.0,30.05,79229,EQ,,,
2010-11-11,30.5,30.5,29.3,29.7,95443,EQ,,,
2010-11-12,30.7,30.7,29.05,29.15,55979,EQ,,,
2010-11-15,29.8,32.3,28.95,30.55,1125193,EQ,,,
2010-11-16,31.5,32.0,29.7,30.0,536061,EQ,,,
2010-11-18,30.1,30.4,29.15,29.45,99835,EQ,,,
2010-11-19,29.25,29.55,28.2,28.45,73167,EQ,,,
2010-11-22,28.45,29.5,28.2,29.0,56332,EQ,,,
2010-11-23,28.1,28.95,27.8,28.6,87909,EQ,,,
2010-11-24,28.1,29.5,28.0,28.6,110040,EQ,,,
2010-11-25,28.5,30.0,27.9,28.2,460056,EQ,,,
2010-11-26,28.05,28.45,26.0,26.4,144945,EQ,,,
2010-11-29,26.4,27.3,25.55,27.0,260646,EQ,,,
2010-11-30,27.0,28.2,26.6,27.95,142760,EQ,,,
2010-12-01,29.0,29.15,28.0,28.85,126450,EQ,,,
2010-12-02,29.0,29.5,28.6,28.8,47125,EQ,,,
2010-12-03,29.75,29.75,27.85,28.0,72437,EQ,,,
2010-12-06,28.7,28.75,27.25,27.8,43629,EQ,,,
2010-12-07,30.4,30.4,27.4,27.85,58970,EQ,,,
2010-12-08,28.4,28.4,27.05,27.15,50302,EQ,,,
2010-12-09,28.05,28.05,25.0,25.65,128358,EQ,,,
2010-12-10,25.5,26.45,25.5,26.25,32558,EQ,,,
2010-12-13,26.85,27.5,25.9,27.2,31132,EQ,,,
2010-12-14,28.15,28.15,26.9,27.7,54610,EQ,,,
2010-12-15,27.9,28.75,27.1,28.4,160756,EQ,,,
2010-12-16,28.7,28.9,28.15,28.45,24246,EQ,,,
2010-12-20,28.1,29.8,28.0,29.0,251000,EQ,,,
2010-12-21,29.3,29.3,28.4,28.7,70161,EQ,,,
2010-12-22,29.0,29.0,28.3,28.4,32994,EQ,,,
2010-12-23,27.8,28.8,27.8,28.35,29658,EQ,,,
2010-12-24,28.8,28.8,28.1,28.65,51751,EQ,,,
2010-12-27,29.25,29.25,27.5,28.0,22053,EQ,,,
2010-12-28,28.5,28.5,27.5,27.6,31182,EQ,,,
2010-12-29,28.2,29.1,27.35,28.75,97219,EQ,,,
2010-12-30,29.0,29.0,28.3,28.5,16660,EQ,,,
2010-12-31,29.3,29.3,28.25,28.7,35629,EQ,,,
2011-01-03,29.35,31.1,28.6,30.65,594790,EQ,,,
2011-01-04,30.25,30.75,29.95,30.0,128818,EQ,,,
2011-01-05,30.0,30.4,29.25,29.3,48248,EQ,,,
2011-01-06,29.8,29.8,28.6,28.7,65155,EQ,,,
2011-01-07,28.3,29.15,27.3,27.75,128474,EQ,,,
2011-01-10,28.25,28.25,27.15,27.25,53475,EQ,,,
2011-01-11,27.15,27.55,26.75,26.95,59615,EQ,,,
2011-01-12,27.45,27.85,27.1,27.65,59233,EQ,,,
2011-01-13,27.9,29.25,27.4,28.2,282720,EQ,,,
2011-01-14,28.4,28.4,27.15,27.3,50904,EQ,,,
2011-01-17,27.0,27.4,26.3,26.7,69186,EQ,,,
2011-01-18,29.0,29.0,26.6,27.05,125425,EQ,,,
2011-01-19,27.7,27.7,26.6,26.85,40367,EQ,,,
2011-01-20,26.5,29.45,26.5,28.15,221901,EQ,,,
2011-01-21,28.7,28.75,27.4,27.85,61137,EQ,,,
2011-01-24,29.0,29.0,27.5,27.75,120269,EQ,,,
2011-01-25,27.75,28.3,27.3,27.5,159129,EQ,,,
2011-01-27,28.25,28.25,25.75,26.9,88238,EQ,,,
2011-01-28,27.35,27.35,25.8,25.95,103759,EQ,,,
2011-01-31,25.75,25.9,24.55,25.4,90193,EQ,,,
2011-02-01,25.15,25.8,25.15,25.45,47808,EQ,,,
2011-02-02,25.75,25.75,25.25,25.3,45176,EQ,,,
2011-02-03,25.25,25.9,25.1,25.5,48292,EQ,,,
2011-02-04,25.1,26.0,25.05,25.5,29174,EQ,,,
2011-02-07,25.55,25.75,25.05,25.5,31178,EQ,,,
2011-02-08,25.35,25.7,20.45,23.85,158188,EQ,,,
2011-02-09,23.5,23.5,22.5,22.75,49191,EQ,,,
2011-02-10,25.5,25.5,22.0,22.25,36528,EQ,,,
2011-02-11,22.2,23.0,21.5,22.85,43506,EQ,,,
2011-02-14,22.05,24.3,22.05,23.9,30527,EQ,,,
2011-02-15,24.0,24.6,23.8,24.0,16696,EQ,,,
2011-02-16,24.0,25.25,24.0,24.5,38926,EQ,,,
2011-02-17,25.25,25.25,24.65,25.0,39883,EQ,,,
2011-02-18,25.0,25.85,24.4,24.95,67017,EQ,,,
2011-02-21,24.7,25.5,24.65,25.25,33840,EQ,,,
2011-02-22,25.05,25.65,25.0,25.35,81769,EQ,,,
2011-02-23,25.15,25.4,24.5,24.55,38594,EQ,,,
2011-02-24,24.4,25.6,23.75,24.85,104069,EQ,,,
2011-02-25,24.2,24.9,24.2,24.55,61441,EQ,,,
2011-02-28,24.3,25.3,24.3,25.1,122511,EQ,,,
2011-03-01,25.1,26.6,25.0,26.2,155204,EQ,,,
2011-03-03,26.05,27.55,25.55,27.45,218298,EQ,,,
2011-03-04,27.45,27.9,26.2,27.0,112736,EQ,,,
2011-03-07,26.15,26.75,26.0,26.45,25548,EQ,,,
2011-03-08,27.4,27.4,26.0,26.6,35341,EQ,,,
2011-03-09,27.0,27.65,26.8,27.5,146730,EQ,,,
2011-03-10,27.25,27.5,27.0,27.3,182520,EQ,,,
2011-03-11,26.95,27.3,26.5,26.85,53537,EQ,,,
2011-03-14,26.5,27.1,26.25,26.45,92189,EQ,,,
2011-03-15,26.0,26.6,26.0,26.4,37888,EQ,,,
2011-03-16,26.55,27.05,25.75,26.25,130594,EQ,,,
2011-03-17,25.6,26.45,25.55,26.35,66124,EQ,,,
2011-03-18,26.45,27.0,26.3,26.4,48948,EQ,,,
2011-03-21,26.45,27.05,25.95,26.9,64532,EQ,,,
2011-03-22,27.0,27.5,26.85,27.4,60060,EQ,,,
2011-03-23,27.25,28.35,27.25,27.95,152316,EQ,,,
2011-03-24,27.9,29.2,27.65,28.3,515009,EQ,,,
2011-03-25,28.65,29.8,27.35,27.8,2772088,EQ,,,
2011-03-28,28.1,28.15,27.2,27.3,59922,EQ,,,
2011-03-29,27.25,27.95,27.15,27.15,42484,EQ,,,
2011-03-30,27.1,28.6,27.1,27.45,64378,EQ,,,
2011-03-31,28.25,28.25,27.15,27.2,79868,EQ,,,
2011-04-01,27.25,27.9,27.25,27.5,19495,EQ,,,
2011-04-04,27.45,28.7,27.45,28.55,52057,EQ,,,
2011-04-05,28.6,29.0,28.5,28.95,34489,EQ,,,
2011-04-06,29.0,29.85,28.75,29.5,138808,EQ,,,
2011-04-07,29.35,30.5,29.35,29.95,237602,EQ,,,
2011-04-08,30.3,30.3,29.45,29.55,145969,EQ,,,
2011-04-11,30.0,30.3,29.25,29.85,127035,EQ,,,
2011-04-13,29.9,30.25,29.15,29.75,165481,EQ,,,
2011-04-15,29.4,30.95,29.4,30.1,166476,EQ,,,
2011-04-18,30.0,30.5,29.9,29.95,113368,EQ,,,
2011-04-19,30.0,32.7,29.6,31.5,6810566,EQ,,,
2011-04-20,31.7,31.7,30.15,30.65,472354,EQ,,,
2011-04-21,30.4,30.6,29.55,29.9,180420,EQ,,,
2011-04-25,29.95,30.2,29.65,29.75,66762,EQ,,,
2011-04-26,29.65,30.2,29.4,29.9,80462,EQ,,,
2011-04-27,29.8,30.4,29.75,30.05,70600,EQ,,,
2011-04-28,30.1,30.1,29.8,29.95,48589,EQ,,,
2011-04-29,29.95,30.15,29.6,29.75,95017,EQ,,,
2011-05-02,29.55,29.9,29.5,29.6,51419,EQ,,,
2011-05-03,29.15,29.4,27.55,28.15,583643,EQ,,,
2011-05-04,28.0,28.5,27.8,28.35,788020,EQ,,,
2011-05-05,28.5,28.5,27.9,27.95,100791,EQ,,,
2011-05-06,28.15,28.4,28.05,28.15,109131,EQ,,,
2011-05-09,26.9,28.85,26.9,28.25,44525,EQ,,,
2011-05-10,28.5,28.85,28.35,28.45,94144,EQ,,,
2011-05-11,28.3,28.6,28.3,28.45,57661,EQ,,,
2011-05-12,28.25,28.8,28.15,28.25,167465,EQ,,,
2011-05-13,28.05,28.55,28.0,28.3,82953,EQ,,,
2011-05-16,28.65,28.65,27.55,27.8,82989,EQ,,,
2011-05-17,27.6,28.0,27.6,27.8,68014,EQ,,,
2011-05-18,27.5,28.4,27.5,28.25,24804,EQ,,,
2011-05-19,28.4,28.8,28.4,28.7,141087,EQ,,,
2011-05-20,29.5,29.5,28.6,28.85,57655,EQ,,,
2011-05-23,28.6,29.0,27.3,27.6,168303,EQ,,,
2011-05-24,27.4,28.5,27.0,28.25,36503,EQ,,,
2011-05-25,28.2,29.0,28.2,28.55,87817,EQ,,,
2011-05-26,28.7,29.35,28.6,29.2,42888,EQ,,,
2011-05-27,29.3,30.2,28.7,29.35,335602,EQ,,,
2011-05-30,29.15,29.65,28.35,28.4,63174,EQ,,,
2011-05-31,28.4,28.7,28.15,28.45,77274,EQ,,,
2011-06-01,28.4,28.6,28.35,28.45,49772,EQ,,,
2011-06-02,29.0,29.0,27.3,27.45,156038,EQ,,,
2011-06-03,27.55,28.6,27.55,28.5,84663,EQ,,,
2011-06-06,28.05,28.3,27.2,27.5,104799,EQ,,,
2011-06-07,27.55,28.15,27.0,28.0,105435,EQ,,,
2011-06-08,27.5,28.1,27.05,27.1,59501,EQ,,,
2011-06-09,27.1,27.45,27.0,27.3,26874,EQ,,,
2011-06-10,27.5,27.5,27.0,27.2,30595,EQ,,,
2011-06-13,27.0,27.0,26.1,26.35,38500,EQ,,,
2011-06-14,26.65,27.2,26.1,26.5,28806,EQ,,,
2011-06-15,26.5,28.0,26.35,26.65,97164,EQ,,,
2011-06-16,26.7,27.8,25.4,25.7,242865,EQ,,,
2011-06-17,25.7,25.85,25.2,25.55,39893,EQ,,,
2011-06-20,25.35,25.45,24.65,24.75,78644,EQ,,,
2011-06-21,24.9,25.1,23.7,23.75,66702,EQ,,,
2011-06-22,24.5,24.5,23.7,24.05,36924,EQ,,,
2011-06-23,25.0,25.0,23.7,23.95,322230,EQ,,,
2011-06-24,24.45,24.45,23.85,24.35,317287,EQ,,,
2011-06-27,24.4,24.4,23.55,23.95,49099,EQ,,,
2011-06-28,23.95,24.45,23.95,24.05,323450,EQ,,,
2011-06-29,24.05,25.5,24.05,25.35,71640,EQ,,,
2011-06-30,25.8,25.8,24.7,24.75,60009,EQ,,,
2011-07-01,24.65,25.35,24.65,25.15,35804,EQ,,,
2011-07-04,25.45,25.7,25.45,25.55,20224,EQ,,,
2011-07-05,25.55,26.45,25.55,26.0,33788,EQ,,,
2011-07-06,26.05,26.5,26.0,26.4,34025,EQ,,,
2011-07-07,26.5,27.4,26.35,27.1,63525,EQ,,,
2011-07-08,27.1,28.0,26.9,27.8,52840,EQ,,,
2011-07-11,27.45,28.65,27.45,28.45,46195,EQ,,,
2011-07-12,28.35,28.65,27.55,27.7,160094,EQ,,,
2011-07-13,27.8,28.2,27.6,27.7,77513,EQ,,,
2011-07-14,27.5,28.25,27.35,28.05,37367,EQ,,,
2011-07-15,28.2,28.4,27.9,28.05,8087,EQ,,,
2011-07-18,28.0,28.0,27.5,27.55,12012,EQ,,,
2011-07-19,28.4,28.4,27.35,27.45,11479,EQ,,,
2011-07-20,27.5,28.45,27.5,28.0,47959,EQ,,,
2011-07-21,27.85,28.1,27.75,27.8,25853,EQ,,,
2011-07-22,27.95,33.2,27.95,31.1,1956905,EQ,,,
2011-07-25,32.0,32.35,30.3,30.75,410823,EQ,,,
2011-07-26,30.95,31.1,29.2,29.4,82853,EQ,,,
2011-07-27,29.5,29.8,28.6,29.15,91012,EQ,,,
2011-07-28,29.15,29.15,26.6,27.15,167727,EQ,,,
2011-07-29,27.7,28.2,26.85,27.6,133788,EQ,,,
2011-08-01,28.0,28.0,26.85,27.4,132248,EQ,,,
2011-08-02,27.0,29.1,26.95,28.8,156784,EQ,,,
2011-08-03,29.15,29.15,28.0,28.8,89244,EQ,,,
2011-08-04,29.9,29.9,28.5,28.7,77285,EQ,,,
2011-08-05,27.3,28.25,26.9,27.95,251979,EQ,,,
2011-08-08,27.7,28.2,27.05,27.75,97062,EQ,,,
2011-08-09,27.05,28.1,27.0,27.55,224977,EQ,,,
2011-08-10,27.35,28.4,27.35,28.1,91367,EQ,,,
2011-08-11,27.5,28.2,27.5,27.9,42326,EQ,,,
2011-08-12,27.85,29.1,27.85,28.9,113590,EQ,,,
2011-08-16,28.6,28.65,27.4,27.95,119619,EQ,,,
2011-08-17,28.4,28.4,27.6,28.05,64894,EQ,,,
2011-08-18,27.55,28.1,27.55,27.75,69263,EQ,,,
2011-08-19,28.0,28.8,27.25,27.45,243548,EQ,,,
2011-08-22,27.1,27.7,27.1,27.45,35868,EQ,,,
2011-08-23,27.3,27.85,27.2,27.45,14064,EQ,,,
2011-08-24,27.3,28.1,27.3,27.45,61663,EQ,,,
2011-08-25,27.3,28.15,27.3,27.4,20089,EQ,,,
2011-08-26,27.3,27.65,25.55,26.0,112752,EQ,,,
2011-08-29,26.25,27.9,26.25,27.35,70170,EQ,,,
2011-08-30,28.0,28.0,26.65,27.1,20152,EQ,,,
2011-09-02,27.15,27.95,26.55,27.1,94659,EQ,,,
2011-09-05,29.5,29.8,27.45,27.55,35198,EQ,,,
2011-09-06,27.6,28.15,27.5,27.5,834234,EQ,,,
2011-09-07,27.6,27.85,27.5,27.5,59877,EQ,,,
2011-09-08,27.5,27.75,27.5,27.5,27258,EQ,,,
2011-09-09,27.5,28.1,27.5,27.55,44218,EQ,,,
2011-09-12,27.2,27.65,27.2,27.55,39415,EQ,,,
2011-09-13,27.5,27.75,27.45,27.55,45165,EQ,,,
2011-09-14,27.3,27.85,27.3,27.5,40965,EQ,,,
2011-09-15,27.55,27.65,27.45,27.5,34127,EQ,,,
2011-09-16,27.45,27.7,27.45,27.5,13914,EQ,,,
2011-09-19,27.25,28.8,27.25,27.5,35031,EQ,,,
2011-09-20,27.55,28.2,27.5,27.75,27633,EQ,,,
2011-09-21,27.45,28.05,27.45,27.5,22337,EQ,,,
2011-09-22,27.2,31.0,26.65,28.5,1240730,EQ,,,
2011-09-23,28.9,29.85,27.0,27.05,159827,EQ,,,
2011-09-26,27.0,28.0,26.6,26.85,104714,EQ,,,
2011-09-27,27.0,27.5,26.75,26.85,50862,EQ,,,
2011-09-28,26.85,26.85,25.6,25.7,40829,EQ,,,
2011-09-29,25.4,25.95,25.15,25.3,17980,EQ,,,
2011-09-30,26.3,26.3,24.9,24.95,38789,EQ,,,
2011-10-03,24.85,25.05,24.05,24.7,20699,EQ,,,
2011-10-04,24.8,25.05,23.75,24.0,69947,EQ,,,
2011-10-05,23.75,24.0,23.0,23.4,44715,EQ,,,
2011-10-07,22.35,24.9,22.35,24.15,11997,EQ,,,
2011-10-10,24.0,25.25,24.0,24.95,14465,EQ,,,
2011-10-11,24.8,25.5,24.8,25.45,22311,EQ,,,
2011-10-12,24.65,26.0,24.65,25.8,24474,EQ,,,
2011-10-13,25.95,25.95,25.0,25.15,27623,EQ,,,
2011-10-14,25.3,25.3,24.8,25.0,42952,EQ,,,
2011-10-17,25.0,25.5,24.8,25.2,9293,EQ,,,
2011-10-18,24.7,25.3,24.65,24.8,3262,EQ,,,
2011-10-19,25.2,25.4,25.05,25.1,7666,EQ,,,
2011-10-20,24.95,25.1,24.8,24.95,10919,EQ,,,
2011-10-21,24.95,25.9,24.85,24.95,20322,EQ,,,
2011-10-24,24.5,25.3,24.5,24.9,39253,EQ,,,
2011-10-25,25.2,25.2,24.85,24.85,25534,EQ,,,
2011-10-26,25.0,25.95,25.0,25.5,57524,EQ,,,
2011-10-28,25.8,25.8,25.55,25.6,14538,EQ,,,
2011-10-31,25.1,25.7,25.1,25.25,18122,EQ,,,
2011-11-01,25.25,25.85,25.25,25.7,23727,EQ,,,
2011-11-02,26.0,28.9,25.2,26.65,877621,EQ,,,
2011-11-03,26.05,26.5,25.7,26.0,24537,EQ,,,
2011-11-04,26.05,26.15,25.95,26.0,26322,EQ,,,
2011-11-08,25.85,25.85,25.5,25.55,14956,EQ,,,
2011-11-09,25.25,26.15,25.2,25.65,89516,EQ,,,
2011-11-11,25.35,25.85,25.35,25.65,34306,EQ,,,
2011-11-14,25.5,25.8,24.5,24.5,117096,EQ,,,
2011-11-15,24.05,24.8,24.05,24.7,15727,EQ,,,
2011-11-16,24.5,25.2,24.3,24.6,28192,EQ,,,
2011-11-17,24.4,25.15,24.4,24.7,20211,EQ,,,
2011-11-18,24.4,24.5,24.05,24.3,18660,EQ,,,
2011-11-21,24.35,24.35,22.55,22.8,58294,EQ,,,
2011-11-22,22.7,23.4,22.5,23.1,14171,EQ,,,
2011-11-23,23.1,23.6,22.75,22.85,16778,EQ,,,
2011-11-24,22.55,23.2,22.3,23.0,25601,EQ,,,
2011-11-25,22.3,23.3,22.3,23.0,27533,EQ,,,
2011-11-28,23.0,25.05,23.0,24.1,27298,EQ,,,
2011-11-29,24.05,24.05,23.55,23.55,29868,EQ,,,
2011-11-30,23.4,24.85,23.3,23.45,21862,EQ,,,
2011-12-01,23.75,24.3,23.75,24.05,11722,EQ,,,
2011-12-02,23.75,24.7,23.75,24.4,8593,EQ,,,
2011-12-05,26.4,26.4,24.05,24.5,8919,EQ,,,
2011-12-07,24.25,25.05,24.2,24.65,18758,EQ,,,
2011-12-08,24.75,24.75,24.0,24.05,6034,EQ,,,
2011-12-09,23.75,25.25,23.75,24.3,22896,EQ,,,
2011-12-12,24.15,24.75,24.0,24.05,19415,EQ,,,
2011-12-13,24.0,24.8,23.9,24.0,12445,EQ,,,
2011-12-14,24.0,24.0,23.0,23.15,24227,EQ,,,
2011-12-15,23.0,23.3,22.85,23.0,16581,EQ,,,
2011-12-16,22.85,23.7,22.75,22.8,21998,EQ,,,
2011-12-19,22.6,23.45,21.5,21.8,30580,EQ,,,
2011-12-20,21.6,21.6,18.55,19.75,83278,EQ,,,
2011-12-21,19.85,20.6,19.7,20.45,19210,EQ,,,
2011-12-22,20.2,22.1,20.2,21.7,26389,EQ,,,
2011-12-23,21.95,23.5,21.95,23.15,40912,EQ,,,
2011-12-26,25.9,25.9,22.6,23.2,26023,EQ,,,
2011-12-27,23.6,24.4,22.95,23.95,39346,EQ,,,
2011-12-28,23.0,25.2,22.7,24.8,51147,EQ,,,
2011-12-29,24.7,24.95,22.95,23.1,414798,EQ,,,
2011-12-30,23.15,23.5,22.85,22.95,10507,EQ,,,
2012-01-02,23.0,23.25,22.3,22.65,9369,EQ,,,
2012-01-03,22.35,23.75,22.35,22.85,10831,EQ,,,
2012-01-04,23.0,23.2,22.2,22.35,11154,EQ,,,
2012-01-05,22.2,22.5,21.65,21.7,11189,EQ,,,
2012-01-06,21.6,21.7,21.3,21.45,9961,EQ,,,
2012-01-07,23.25,23.25,21.05,21.7,106,EQ,,,
2012-01-09,21.45,21.95,21.25,21.35,18888,EQ,,,
2012-01-10,23.9,23.9,21.5,22.4,30824,EQ,,,
2012-01-11,22.25,23.0,22.25,22.5,15278,EQ,,,
2012-01-12,23.2,23.2,22.6,22.95,20075,EQ,,,
2012-01-13,22.7,25.0,22.5,23.45,112582,EQ,,,
2012-01-16,23.75,23.95,22.85,23.45,29468,EQ,,,
2012-01-17,23.75,24.25,23.4,23.8,18848,EQ,,,
2012-01-18,23.65,24.25,22.7,22.8,33147,EQ,,,
2012-01-19,22.7,23.4,22.55,23.0,22614,EQ,,,
2012-01-20,23.05,23.6,22.6,22.8,27240,EQ,,,
2012-01-23,23.9,23.9,22.75,23.0,27523,EQ,,,
2012-01-24,27.0,27.0,23.05,23.2,18263,EQ,,,
2012-01-25,23.0,24.0,23.0,23.5,17885,EQ,,,
2012-01-27,23.9,24.5,23.55,23.65,36920,EQ,,,
2012-01-30,23.65,24.1,22.55,22.85,24950,EQ,,,
2012-01-31,25.5,25.5,22.55,22.85,202882,EQ,,,
2012-02-01,22.85,24.3,22.85,24.0,53622,EQ,,,
2012-02-02,25.5,25.5,24.15,25.15,65011,EQ,,,
2012-02-03,25.15,26.0,24.75,25.0,87307,EQ,,,
2012-02-06,25.0,25.4,24.6,25.15,97177,EQ,,,
2012-02-07,25.0,25.2,24.9,25.0,88648,EQ,,,
2012-02-08,25.0,25.75,24.9,25.35,31835,EQ,,,
2012-02-09,25.4,25.7,24.85,25.4,109439,EQ,,,
2012-02-10,25.5,27.15,25.15,25.4,171235,EQ,,,
2012-02-13,25.55,26.1,25.2,25.85,59117,EQ,,,
2012-02-14,25.5,26.3,25.4,25.55,56556,EQ,,,
2012-02-15,25.55,25.9,25.45,25.55,85981,EQ,,,
2012-02-16,25.4,26.5,25.4,26.1,60380,EQ,,,
2012-02-17,26.0,26.8,26.0,26.3,81625,EQ,,,
2012-02-21,26.6,27.75,26.5,26.8,83175,EQ,,,
2012-02-22,26.95,26.95,25.6,25.95,61810,EQ,,,
2012-02-23,25.6,26.0,24.7,25.55,41510,EQ,,,
2012-02-24,25.6,25.6,24.35,24.5,73260,EQ,,,
2012-02-27,24.75,25.0,23.9,24.0,47158,EQ,,,
2012-02-28,24.5,25.75,24.45,24.9,316162,EQ,,,
2012-02-29,25.55,26.95,24.8,24.9,213914,EQ,,,
2012-03-01,25.0,26.0,24.7,24.95,78189,EQ,,,
2012-03-02,25.0,25.75,24.65,25.0,118143,EQ,,,
2012-03-03,25.0,25.5,24.95,25.3,9864,EQ,,,
2012-03-05,25.8,25.8,24.75,24.8,19186,EQ,,,
2012-03-06,24.6,24.9,24.05,24.15,33089,EQ,,,
2012-03-07,23.9,24.7,23.8,24.05,23298,EQ,,,
2012-03-09,24.3,25.3,24.1,24.55,84521,EQ,,,
2012-03-12,24.4,24.7,23.85,23.95,55375,EQ,,,
2012-03-13,24.2,24.55,23.95,24.2,38593,EQ,,,
2012-03-14,24.45,24.45,23.4,23.5,133100,EQ,,,
2012-03-15,23.2,24.15,23.05,23.45,102907,EQ,,,
2012-03-16,23.45,23.85,22.6,23.15,48284,EQ,,,
2012-03-19,23.1,23.5,22.85,22.9,45693,EQ,,,
2012-03-20,22.9,23.1,22.65,22.85,36888,EQ,,,
2012-03-21,22.8,23.5,22.75,23.25,42986,EQ,,,
2012-03-22,23.0,23.3,22.4,22.55,14969,EQ,,,
2012-03-23,22.6,23.4,22.4,22.85,21422,EQ,,,
2012-03-26,22.85,23.5,22.85,23.4,17833,EQ,,,
2012-03-27,26.4,26.4,23.1,24.2,36832,EQ,,,
2012-03-28,24.0,24.0,23.0,23.05,29848,EQ,,,
2012-03-29,23.45,23.7,23.1,23.45,3751,EQ,,,
2012-03-30,23.2,24.45,23.2,24.05,32737,EQ,,,
2012-04-02,24.25,24.6,24.0,24.05,14608,EQ,,,
2012-04-03,24.1,25.4,24.1,25.2,43068,EQ,,,
2012-04-04,24.85,24.9,24.65,24.75,16493,EQ,,,
2012-04-09,25.0,25.0,24.2,24.25,10729,EQ,,,
2012-04-10,24.2,24.5,24.2,24.2,8214,EQ,,,
2012-04-11,25.65,25.65,23.75,24.05,19903,EQ,,,
2012-04-12,24.25,25.15,24.25,24.55,12470,EQ,,,
2012-04-13,24.75,24.8,24.35,24.35,14002,EQ,,,
2012-04-16,24.15,24.4,24.0,24.05,11651,EQ,,,
2012-04-17,24.3,25.4,24.25,25.05,101134,EQ,,,
2012-04-18,25.9,29.4,24.8,25.1,212467,EQ,,,
2012-04-19,25.2,25.2,24.35,24.7,33440,EQ,,,
2012-04-20,25.3,25.3,24.25,24.4,28572,EQ,,,
2012-04-23,24.3,24.55,24.0,24.05,33165,EQ,,,
2012-04-24,24.1,24.2,23.7,23.95,24657,EQ,,,
2012-04-25,23.9,24.4,23.65,23.65,11918,EQ,,,
2012-04-26,24.25,24.25,23.25,23.4,14550,EQ,,,
2012-04-27,23.3,24.0,23.3,23.6,22303,EQ,,,
2012-04-28,24.0,24.0,23.6,23.75,3151,EQ,,,
2012-04-30,24.7,24.7,23.75,23.8,5322,EQ,,,
2012-05-02,24.5,24.5,23.75,23.8,9456,EQ,,,
2012-05-03,23.75,24.0,23.5,23.65,14145,EQ,,,
2012-05-04,23.75,23.75,23.2,23.3,21764,EQ,,,
2012-05-07,22.9,23.1,22.75,23.0,12367,EQ,,,
2012-05-08,23.0,23.4,22.1,22.7,20697,EQ,,,
2012-05-09,23.8,23.8,22.8,22.9,22798,EQ,,,
2012-05-10,23.25,23.35,22.85,22.85,17161,EQ,,,
2012-05-11,22.75,22.9,22.5,22.55,9120,EQ,,,
2012-05-14,23.05,23.05,22.45,22.5,20446,EQ,,,
2012-05-15,22.5,23.1,22.4,23.0,24462,EQ,,,
2012-05-16,22.75,23.5,22.5,22.55,21993,EQ,,,
2012-05-17,22.5,23.0,22.5,22.8,22459,EQ,,,
2012-05-18,22.6,22.8,22.45,22.65,11819,EQ,,,
2012-05-21,22.75,22.75,22.5,22.55,19728,EQ,,,
2012-05-22,22.85,22.9,22.7,22.7,4318,EQ,,,
2012-05-23,22.65,24.8,20.55,22.7,27553,EQ,,,
2012-05-24,22.75,23.25,22.65,23.0,5731,EQ,,,
2012-05-25,23.0,23.0,22.85,22.85,5664,EQ,,,
2012-05-28,23.0,23.85,22.8,22.8,11376,EQ,,,
2012-05-29,23.35,23.35,22.75,22.8,13105,EQ,,,
2012-05-30,22.75,22.75,22.5,22.5,1359,EQ,,,
2012-05-31,22.75,22.75,22.4,22.65,5118,EQ,,,
2012-06-01,22.5,22.75,22.5,22.65,2450,EQ,,,
2012-06-04,22.25,22.75,22.25,22.35,2474,EQ,,,
2012-06-05,22.85,23.0,22.45,22.8,9286,EQ,,,
2012-06-06,22.75,23.2,22.75,23.05,20732,EQ,,,
2012-06-07,23.2,24.4,23.2,23.7,15883,EQ,,,
2012-06-08,23.75,23.75,23.3,23.3,968,EQ,,,
2012-06-11,23.4,23.6,23.3,23.35,7743,EQ,,,
2012-06-12,23.25,23.35,23.0,23.0,4158,EQ,,,
2012-06-13,22.9,23.2,22.8,22.8,6637,EQ,,,
2012-06-14,22.75,23.0,22.5,22.55,8400,EQ,,,
2012-06-15,22.5,22.75,22.05,22.1,12169,EQ,,,
2012-06-18,22.2,22.5,21.6,21.65,29575,EQ,,,
2012-06-19,21.95,22.0,21.35,21.45,26352,EQ,,,
2012-06-20,21.5,21.65,21.35,21.55,9578,EQ,,,
2012-06-21,21.75,22.0,21.5,21.65,7465,EQ,,,
2012-06-22,21.75,22.6,21.5,22.5,18648,EQ,,,
2012-06-25,22.6,22.6,22.0,22.0,4290,EQ,,,
2012-06-26,21.9,22.25,21.5,21.5,11853,EQ,,,
2012-06-27,21.6,21.9,21.4,21.5,13558,EQ,,,
2012-06-28,21.45,22.3,21.15,21.2,8168,EQ,,,
2012-06-29,21.4,21.85,21.35,21.5,24905,EQ,,,
2012-07-02,21.55,22.0,21.5,21.85,20195,EQ,,,
2012-07-03,21.9,23.95,21.9,23.35,83336,EQ,,,
2012-07-04,23.55,24.95,23.1,24.15,129589,EQ,,,
2012-07-05,23.8,24.4,23.35,24.05,32393,EQ,,,
2012-07-06,23.8,23.8,23.3,23.5,18172,EQ,,,
2012-07-09,23.4,23.4,23.05,23.1,7673,EQ,,,
2012-07-10,23.5,23.85,23.25,23.3,15236,EQ,,,
2012-07-11,23.1,23.2,23.0,23.0,11984,EQ,,,
2012-07-12,23.25,23.25,22.25,22.5,24773,EQ,,,
2012-07-13,22.75,23.3,22.5,22.6,9615,EQ,,,
2012-07-16,22.65,23.0,22.45,22.6,6079,EQ,,,
2012-07-17,22.5,22.55,22.35,22.35,10575,EQ,,,
2012-07-18,22.2,22.5,22.0,22.1,15072,EQ,,,
2012-07-19,22.25,23.0,22.1,22.5,24611,EQ,,,
2012-07-20,22.4,22.75,22.35,22.5,3718,EQ,,,
2012-07-23,22.35,22.45,22.0,22.0,6263,EQ,,,
2012-07-24,22.05,22.05,21.95,21.95,5274,EQ,,,
2012-07-25,24.9,24.9,21.35,21.45,27937,EQ,,,
2012-07-26,23.8,24.6,21.3,21.3,17591,EQ,,,
2012-07-27,21.4,21.95,21.25,21.4,25337,EQ,,,
2012-07-30,21.25,21.7,21.2,21.5,6519,EQ,,,
2012-07-31,21.7,21.7,20.95,21.0,10520,EQ,,,
2012-08-01,21.0,21.45,20.95,21.1,5935,EQ,,,
2012-08-02,20.9,21.15,20.9,20.9,7333,EQ,,,
2012-08-03,20.9,21.3,20.9,20.95,2810,EQ,,,
2012-08-06,21.45,21.55,21.0,21.0,4718,EQ,,,
2012-08-07,21.4,21.4,21.0,21.1,2201,EQ,,,
2012-08-08,21.05,21.45,21.05,21.25,4125,EQ,,,
2012-08-09,21.35,22.0,21.25,21.6,27458,EQ,,,
2012-08-10,21.55,21.65,20.95,21.0,17201,EQ,,,
2012-08-13,21.0,21.05,20.9,20.9,3531,EQ,,,
2012-08-14,21.0,21.5,20.65,20.7,3497,EQ,,,
2012-08-16,21.45,21.55,20.35,20.45,8538,EQ,,,
2012-08-17,20.5,20.8,20.2,20.25,13528,EQ,,,
2012-08-21,20.15,20.6,20.05,20.1,8091,EQ,,,
2012-08-22,20.9,20.9,20.05,20.15,6319,EQ,,,
2012-08-23,20.2,20.2,20.0,20.15,8018,EQ,,,
2012-08-24,20.0,20.25,19.7,19.85,14523,EQ,,,
2012-08-27,19.8,21.7,19.05,20.4,155904,EQ,,,
2012-08-28,20.0,20.3,19.15,19.15,15286,EQ,,,
2012-08-29,19.75,19.75,19.15,19.4,4632,EQ,,,
2012-08-30,19.55,19.9,19.5,19.65,16793,EQ,,,
2012-08-31,19.6,19.75,19.2,19.2,5811,EQ,,,
2012-09-03,19.25,19.9,19.15,19.25,9925,EQ,,,
2012-09-04,19.25,19.6,19.15,19.3,8084,EQ,,,
2012-09-05,18.85,22.15,18.85,21.6,257725,EQ,,,
2012-09-06,21.15,21.15,19.8,20.35,67364,EQ,,,
2012-09-07,20.4,20.4,20.0,20.05,19020,EQ,,,
2012-09-08,20.2,20.4,20.0,20.1,3331,EQ,,,
2012-09-10,20.0,20.8,20.0,20.45,7009,EQ,,,
2012-09-11,20.1,20.75,20.1,20.5,8594,EQ,,,
2012-09-12,20.4,20.6,20.35,20.35,7632,EQ,,,
2012-09-13,20.35,20.7,20.1,20.4,11968,EQ,,,
2012-09-14,21.1,21.95,20.5,20.8,109030,EQ,,,
2012-09-17,20.7,21.25,20.4,20.45,18884,EQ,,,
2012-09-18,20.45,20.85,20.35,20.4,16497,EQ,,,
2012-09-20,19.95,21.35,19.95,20.9,744664,EQ,,,
2012-09-21,21.1,21.1,20.65,20.7,21311,EQ,,,
2012-09-24,20.85,21.05,20.55,20.55,27528,EQ,,,
2012-09-25,20.9,20.9,20.25,20.35,20608,EQ,,,
2012-09-26,20.15,20.7,20.1,20.15,13303,EQ,,,
2012-09-27,20.15,20.4,20.05,20.1,6909,EQ,,,
2012-09-28,20.0,21.8,20.0,20.85,128394,EQ,,,
2012-10-01,20.85,20.85,20.25,20.45,23699,EQ,,,
2012-10-03,20.55,21.3,20.55,20.9,18117,EQ,,,
2012-10-04,20.85,21.4,20.85,21.2,36620,EQ,,,
2012-10-05,21.3,21.9,20.85,21.6,51779,EQ,,,
2012-10-08,21.25,21.5,21.05,21.1,26349,EQ,,,
2012-10-09,21.25,21.5,21.05,21.05,11116,EQ,,,
2012-10-10,20.0,21.45,20.0,21.1,15234,EQ,,,
2012-10-11,21.05,21.6,21.05,21.3,19927,EQ,,,
2012-10-12,21.5,21.65,21.25,21.25,22867,EQ,,,
2012-10-15,21.7,21.7,21.2,21.2,4679,EQ,,,
2012-10-16,21.15,21.35,21.05,21.15,14883,EQ,,,
2012-10-17,21.15,21.45,20.8,21.0,17973,EQ,,,
2012-10-18,21.0,24.4,21.0,23.9,277634,EQ,,,
2012-10-19,25.0,27.2,24.65,25.35,1498899,EQ,,,
2012-10-22,24.1,25.0,23.6,24.05,158551,EQ,,,
2012-10-23,23.9,23.9,23.0,23.1,62345,EQ,,,
2012-10-25,22.4,23.5,22.4,22.75,23491,EQ,,,
2012-10-26,22.6,22.7,21.65,21.75,44431,EQ,,,
2012-10-29,21.8,22.55,21.35,21.65,76912,EQ,,,
2012-10-30,21.5,21.9,21.5,21.65,22687,EQ,,,
2012-10-31,21.4,21.8,21.15,21.55,13307,EQ,,,
2012-11-01,21.5,22.25,21.5,21.85,22049,EQ,,,
2012-11-02,21.7,23.25,21.7,22.3,64194,EQ,,,
2012-11-05,22.05,22.65,21.35,21.75,88314,EQ,,,
2012-11-06,21.5,22.5,21.4,22.1,39661,EQ,,,
2012-11-07,21.8,22.6,21.55,22.1,25814,EQ,,,
2012-11-08,21.8,22.6,21.4,22.4,19973,EQ,,,
2012-11-09,21.9,22.5,21.5,22.4,14034,EQ,,,
2012-11-12,22.0,22.7,21.0,21.65,14413,EQ,,,
2012-11-13,22.65,22.65,21.4,21.8,13327,EQ,,,
2012-11-15,21.65,22.0,21.2,21.4,47108,EQ,,,
2012-11-16,21.15,21.85,21.15,21.4,25783,EQ,,,
2012-11-19,21.5,21.55,21.05,21.1,55084,EQ,,,
2012-11-20,21.15,21.35,21.0,21.1,30307,EQ,,,
2012-11-21,21.0,21.5,20.6,20.85,13729,EQ,,,
2012-11-22,21.6,21.6,20.6,20.65,22791,EQ,,,
2012-11-23,20.65,20.95,20.6,20.6,13058,EQ,,,
2012-11-26,20.3,20.8,20.15,20.6,14935,EQ,,,
2012-11-27,20.75,21.7,20.65,20.75,63472,EQ,,,
2012-11-29,20.8,21.25,20.6,20.9,15472,EQ,,,
2012-11-30,20.7,21.25,20.6,21.0,20263,EQ,,,
2012-12-03,21.15,22.65,21.0,22.1,109839,EQ,,,
2012-12-04,21.9,22.7,21.25,21.35,32674,EQ,,,
2012-12-05,21.5,22.0,21.15,21.2,33237,EQ,,,
2012-12-06,22.4,22.4,21.3,21.85,45888,EQ,,,
2012-12-07,21.7,22.0,21.5,21.95,29560,EQ,,,
2012-12-10,21.7,21.7,21.15,21.15,15795,EQ,,,
2012-12-11,21.25,22.0,21.25,21.8,104764,EQ,,,
2012-12-12,21.65,22.3,21.55,22.0,22211,EQ,,,
2012-12-13,21.65,22.1,21.6,21.9,14780,EQ,,,
2012-12-14,22.15,22.2,21.75,22.0,18846,EQ,,,
2012-12-17,21.8,22.95,21.8,22.6,22624,EQ,,,
2012-12-18,22.3,23.8,22.0,23.6,71949,EQ,,,
2012-12-19,23.1,23.75,22.85,23.5,32501,EQ,,,
2012-12-20,23.85,25.1,23.3,24.3,159654,EQ,,,
2012-12-21,24.0,24.45,23.75,23.8,56743,EQ,,,
2012-12-24,23.75,24.35,23.75,23.75,28903,EQ,,,
2012-12-26,23.8,24.2,23.75,24.0,22726,EQ,,,
2012-12-27,23.8,24.05,23.8,23.85,19899,EQ,,,
2012-12-28,23.75,24.1,23.2,24.0,30729,EQ,,,
2012-12-31,23.8,23.95,23.8,23.85,10050,EQ,,,
2013-01-01,23.85,24.5,23.85,24.0,26364,EQ,,,
2013-01-02,24.0,25.0,24.0,24.55,63336,EQ,,,
2013-01-03,24.3,27.35,24.1,26.85,384752,EQ,,,
2013-01-04,28.5,28.5,26.3,26.55,925536,EQ,,,
2013-01-07,26.75,27.4,25.45,26.95,320285,EQ,,,
2013-01-08,27.35,27.35,25.75,25.95,64971,EQ,,,
2013-01-09,26.15,26.45,24.0,24.25,112446,EQ,,,
2013-01-10,24.4,24.6,23.1,23.2,130481,EQ,,,
2013-01-11,23.55,23.6,22.7,22.8,57472,EQ,,,
2013-01-14,22.75,22.95,22.6,22.8,45852,EQ,,,
2013-01-15,22.75,23.15,22.65,22.75,53662,EQ,,,
2013-01-16,22.8,23.1,22.5,22.5,39172,EQ,,,
2013-01-17,22.25,23.0,22.25,22.6,10567,EQ,,,
2013-01-18,22.75,22.9,22.25,22.65,162896,EQ,,,
2013-01-21,22.6,22.75,22.4,22.4,12564,EQ,,,
2013-01-22,22.35,22.75,22.3,22.5,24916,EQ,,,
2013-01-23,22.7,22.75,22.5,22.5,38254,EQ,,,
2013-01-24,22.5,22.75,22.5,22.7,11973,EQ,,,
2013-01-25,22.4,23.15,22.4,22.85,20887,EQ,,,
2013-01-28,22.6,23.2,22.5,23.0,23656,EQ,,,
2013-01-29,22.8,22.85,22.4,22.45,10736,EQ,,,
2013-01-30,22.45,23.05,22.4,22.7,30743,EQ,,,
2013-01-31,22.6,22.7,22.4,22.65,30849,EQ,,,
2013-02-01,22.95,23.0,22.55,22.55,7420,EQ,,,
2013-02-04,22.5,22.95,22.5,22.55,6434,EQ,,,
2013-02-05,22.45,22.65,22.4,22.6,10062,EQ,,,
2013-02-06,22.45,22.9,22.4,22.55,13724,EQ,,,
2013-02-07,22.45,22.55,22.45,22.5,8186,EQ,,,
2013-02-08,22.5,22.85,22.45,22.5,9713,EQ,,,
2013-02-11,22.5,23.5,22.4,23.15,31647,EQ,,,
2013-02-12,22.9,23.6,22.1,22.4,26296,EQ,,,
2013-02-13,22.45,22.85,22.3,22.3,19032,EQ,,,
2013-02-14,22.3,22.35,22.15,22.15,19765,EQ,,,
2013-02-15,22.0,22.75,21.5,21.6,27663,EQ,,,
2013-02-18,21.3,21.75,20.95,21.45,19653,EQ,,,
2013-02-19,21.3,23.5,21.05,21.65,32791,EQ,,,
2013-02-20,21.5,22.0,21.5,21.75,3552,EQ,,,
2013-02-21,21.35,22.2,21.15,21.25,6193,EQ,,,
2013-02-22,21.05,21.75,21.05,21.4,5846,EQ,,,
2013-02-25,21.5,22.1,21.5,21.95,14361,EQ,,,
2013-02-26,21.65,22.55,21.5,21.55,10472,EQ,,,
2013-02-27,21.55,21.65,21.4,21.4,9013,EQ,,,
2013-02-28,21.55,21.55,21.0,21.0,12483,EQ,,,
2013-03-01,20.7,21.95,20.55,21.2,11976,EQ,,,
2013-03-04,21.05,21.75,21.0,21.4,16522,EQ,,,
2013-03-05,21.1,21.65,21.0,21.45,17184,EQ,,,
2013-03-06,21.25,21.55,20.6,20.7,66673,EQ,,,
2013-03-07,21.25,21.45,20.3,20.6,29632,EQ,,,
2013-03-08,20.6,21.35,20.6,20.75,7857,EQ,,,
2013-03-11,20.4,20.55,20.05,20.1,10569,EQ,,,
2013-03-12,22.0,22.0,20.1,20.1,18341,EQ,,,
2013-03-13,20.05,20.4,20.0,20.05,5520,EQ,,,
2013-03-14,20.5,20.6,19.5,20.1,23866,EQ,,,
2013-03-15,20.1,20.25,19.2,19.3,42348,EQ,,,
2013-03-18,19.5,19.85,19.3,19.35,8914,EQ,,,
2013-03-19,19.45,19.95,19.35,19.4,12949,EQ,,,
2013-03-20,19.35,19.9,19.35,19.75,11451,EQ,,,
2013-03-21,19.6,20.0,19.6,19.75,13427,EQ,,,
2013-03-22,19.4,19.95,19.35,19.65,27375,EQ,,,
2013-03-25,19.8,20.1,19.8,19.8,12045,EQ,,,
2013-03-26,19.6,20.0,19.45,19.6,43648,EQ,,,
2013-03-28,19.25,20.1,19.25,20.0,5377,EQ,,,
2013-04-01,22.7,22.7,19.4,19.45,12183,EQ,,,
2013-04-02,19.6,20.4,19.6,20.0,4881,EQ,,,
2013-04-03,19.95,20.4,19.8,19.85,9366,EQ,,,
2013-04-04,19.7,20.3,19.6,19.6,6944,EQ,,,
2013-04-05,20.0,20.5,19.6,20.15,6246,EQ,,,
2013-04-08,19.95,20.3,19.7,20.1,6055,EQ,,,
2013-04-09,20.05,21.5,20.0,20.8,4322,EQ,,,
2013-04-10,20.5,20.65,20.15,20.15,13896,EQ,,,
2013-04-11,20.15,20.7,20.15,20.15,7425,EQ,,,
2013-04-12,20.15,20.65,20.15,20.45,10739,EQ,,,
2013-04-15,20.65,21.1,20.65,21.05,6898,EQ,,,
2013-04-16,21.0,21.55,20.95,21.4,11896,EQ,,,
2013-04-17,21.1,22.3,21.1,21.9,10730,EQ,,,
2013-04-18,21.75,22.75,21.5,21.95,29906,EQ,,,
2013-04-22,21.65,21.65,20.55,20.7,22026,EQ,,,
2013-04-23,21.0,21.0,20.3,20.4,20657,EQ,,,
2013-04-25,23.95,23.95,20.0,20.45,19583,EQ,,,
2013-04-26,20.3,20.9,20.15,20.65,19941,EQ,,,
2013-04-29,20.35,20.7,20.1,20.15,6521,EQ,,,
2013-04-30,20.4,20.65,20.3,20.5,5851,EQ,,,
2013-05-02,20.2,21.15,20.05,20.4,21525,EQ,,,
2013-05-03,20.25,20.8,20.25,20.4,6057,EQ,,,
2013-05-06,20.55,21.35,20.5,20.5,7373,EQ,,,
2013-05-07,20.25,21.0,20.25,20.5,8891,EQ,,,
2013-05-08,20.35,20.75,20.3,20.45,9037,EQ,,,
2013-05-09,20.35,20.95,20.35,20.45,13344,EQ,,,
2013-05-10,20.3,21.05,20.25,20.9,16827,EQ,,,
2013-05-11,20.65,21.0,20.6,20.65,1511,EQ,,,
2013-05-13,20.2,20.95,20.0,20.85,7974,EQ,,,
2013-05-14,20.6,21.2,20.6,20.9,13837,EQ,,,
2013-05-15,20.7,21.3,20.7,20.8,10367,EQ,,,
2013-05-16,21.1,21.4,20.75,21.0,13680,EQ,,,
2013-05-17,21.0,21.35,20.8,20.85,11744,EQ,,,
2013-05-20,20.95,21.05,20.9,20.95,11013,EQ,,,
2013-05-21,20.7,20.85,20.6,20.75,8301,EQ,,,
2013-05-22,20.75,21.25,20.75,21.0,6739,EQ,,,
2013-05-23,20.6,20.6,20.05,20.05,3851,EQ,,,
2013-05-24,20.1,21.1,19.8,20.95,13179,EQ,,,
2013-05-27,20.7,20.9,20.6,20.6,4055,EQ,,,
2013-05-28,20.65,20.8,20.6,20.6,4250,EQ,,,
2013-05-29,20.5,20.75,20.5,20.5,6985,EQ,,,
2013-05-30,20.45,21.0,20.15,20.15,13687,EQ,,,
2013-05-31,21.0,21.25,20.15,20.7,20010,EQ,,,
2013-06-03,20.45,21.0,20.0,20.45,6687,EQ,,,
2013-06-04,20.0,21.15,20.0,21.15,8941,EQ,,,
2013-06-05,21.4,22.05,20.7,21.85,34865,EQ,,,
2013-06-06,21.7,23.2,21.15,22.85,26504,EQ,,,
2013-06-07,22.65,23.0,22.25,22.25,11900,EQ,,,
2013-06-10,23.0,23.0,21.95,22.1,12693,EQ,,,
2013-06-11,22.0,22.0,21.5,21.85,8126,EQ,,,
2013-06-12,21.7,22.4,21.6,22.05,11187,EQ,,,
2013-06-13,21.7,21.7,20.65,21.45,18611,EQ,,,
2013-06-14,21.2,22.7,21.1,22.4,27046,EQ,,,
2013-06-17,23.6,23.6,21.65,22.65,18718,EQ,,,
2013-06-18,22.2,22.65,21.7,22.1,5888,EQ,,,
2013-06-19,23.7,23.7,21.75,22.75,28966,EQ,,,
2013-06-20,22.5,22.5,21.75,22.05,15725,EQ,,,
2013-06-21,22.0,22.6,21.85,22.2,13309,EQ,,,
2013-06-24,21.7,21.75,20.45,21.0,13253,EQ,,,
2013-06-25,20.2,20.7,20.15,20.15,8419,EQ,,,
2013-06-26,20.25,20.35,19.8,19.9,18593,EQ,,,
2013-06-27,20.0,20.55,20.0,20.15,21152,EQ,,,
2013-06-28,20.3,20.65,20.2,20.4,30343,EQ,,,
2013-07-01,22.8,22.8,19.9,20.05,12803,EQ,,,
2013-07-02,20.1,20.3,19.7,19.75,18517,EQ,,,
2013-07-03,20.0,20.6,19.15,19.35,30930,EQ,,,
2013-07-04,19.4,20.4,19.15,19.2,8963,EQ,,,
2013-07-05,19.5,19.85,19.0,19.05,7139,EQ,,,
2013-07-08,19.2,19.55,19.1,19.2,7887,EQ,,,
2013-07-09,19.7,19.95,18.75,18.75,51365,EQ,,,
2013-07-10,19.1,20.05,18.75,18.95,36257,EQ,,,
2013-07-11,18.85,19.2,18.3,18.55,29978,EQ,,,
2013-07-12,19.0,19.3,18.4,18.9,51663,EQ,,,
2013-07-15,20.0,20.0,18.5,18.75,7169,EQ,,,
2013-07-16,18.65,19.35,18.65,19.1,11251,EQ,,,
2013-07-17,18.95,19.55,18.85,19.0,7323,EQ,,,
2013-07-18,18.95,19.2,18.9,19.05,5732,EQ,,,
2013-07-19,19.15,19.25,19.05,19.15,9957,EQ,,,
2013-07-22,18.7,18.75,18.3,18.35,5902,EQ,,,
2013-07-23,18.35,18.75,18.2,18.6,16954,EQ,,,
2013-07-24,18.0,18.9,18.0,18.7,29282,EQ,,,
2013-07-25,18.5,18.8,18.15,18.5,9588,EQ,,,
2013-07-26,18.2,18.25,17.55,18.0,30150,EQ,,,
2013-07-29,17.8,17.8,17.0,17.1,9169,EQ,,,
2013-07-30,16.9,17.45,15.2,15.55,12018,EQ,,,
2013-07-31,15.8,16.15,15.1,16.0,9269,EQ,,,
2013-08-01,15.85,16.0,15.5,15.7,4761,EQ,,,
2013-08-02,15.6,16.0,15.1,15.15,9439,EQ,,,
2013-08-05,15.2,15.5,14.75,15.5,2271,EQ,,,
2013-08-06,15.0,16.75,14.35,14.65,25544,EQ,,,
2013-08-07,14.3,15.15,14.0,14.95,10265,EQ,,,
2013-08-08,14.7,15.15,14.25,14.65,6321,EQ,,,
2013-08-12,14.8,16.8,14.75,15.2,8394,EQ,,,
2013-08-13,15.5,15.95,15.4,15.95,5216,EQ,,,
2013-08-14,15.7,15.8,15.3,15.4,3502,EQ,,,
2013-08-16,15.3,15.65,15.25,15.55,4767,EQ,,,
2013-08-19,15.5,18.45,15.3,17.8,41637,EQ,,,
2013-08-20,19.0,19.1,15.9,16.75,378603,EQ,,,
2013-08-21,17.0,17.0,15.4,15.5,34451,EQ,,,
2013-08-22,15.1,16.2,15.1,16.05,40953,EQ,,,
2013-08-23,16.6,16.6,15.8,16.05,16718,EQ,,,
2013-08-26,16.15,16.55,16.1,16.45,11920,EQ,,,
2013-08-27,16.2,16.5,15.95,15.95,8243,EQ,,,
2013-08-28,15.95,16.25,15.4,15.95,27488,EQ,,,
2013-08-29,16.0,16.5,16.0,16.35,7575,EQ,,,
2013-08-30,16.2,16.95,16.0,16.1,36205,EQ,,,
2013-09-02,16.25,16.9,16.05,16.55,7293,EQ,,,
2013-09-03,16.85,17.15,16.5,16.65,12188,EQ,,,
2013-09-04,16.7,17.15,16.55,17.0,9475,EQ,,,
2013-09-05,17.0,17.5,17.0,17.4,11395,EQ,,,
2013-09-06,17.2,17.75,16.2,16.6,43236,EQ,,,
2013-09-10,16.8,17.2,16.6,17.1,4959,EQ,,,
2013-09-11,17.1,17.75,17.1,17.45,6897,EQ,,,
2013-09-12,17.4,18.3,17.4,17.55,8320,EQ,,,
2013-09-13,17.85,18.2,17.5,17.9,8545,EQ,,,
2013-09-16,18.0,18.45,17.8,17.8,8424,EQ,,,
2013-09-17,17.8,18.3,17.8,18.25,5391,EQ,,,
2013-09-18,18.0,18.35,17.9,17.95,5255,EQ,,,
2013-09-19,18.0,18.65,18.0,18.45,31013,EQ,,,
2013-09-20,18.25,19.0,18.05,18.2,18534,EQ,,,
2013-09-23,18.05,18.5,17.65,18.0,4907,EQ,,,
2013-09-24,17.85,18.35,17.6,17.95,9273,EQ,,,
2013-09-25,18.0,18.35,17.95,18.0,1253,EQ,,,
2013-09-26,17.85,18.05,17.7,17.9,3677,EQ,,,
2013-09-27,17.85,17.85,17.45,17.5,3500,EQ,,,
2013-09-30,17.35,17.35,16.75,16.75,5331,EQ,,,
2013-10-01,16.9,16.9,15.2,16.65,11523,EQ,,,
2013-10-03,16.75,17.3,16.0,17.05,6803,EQ,,,
2013-10-04,17.05,17.1,16.75,16.8,5480,EQ,,,
2013-10-07,16.7,17.5,16.55,16.8,5703,EQ,,,
2013-10-08,16.75,17.0,16.6,16.7,7780,EQ,,,
2013-10-09,16.6,17.1,16.55,17.0,12250,EQ,,,
2013-10-10,16.8,17.3,16.65,17.15,6562,EQ,,,
2013-10-11,17.25,17.7,17.0,17.05,16722,EQ,,,
2013-10-14,17.05,17.1,16.7,16.8,21408,EQ,,,
2013-10-15,17.1,17.1,16.75,16.75,4626,EQ,,,
2013-10-17,16.95,17.0,16.75,16.9,15129,EQ,,,
2013-10-18,17.0,17.1,16.7,16.8,21546,EQ,,,
2013-10-21,16.65,16.95,16.65,16.9,21118,EQ,,,
2013-10-22,16.8,16.9,16.55,16.85,11956,EQ,,,
2013-10-23,16.8,17.45,16.5,16.8,9892,EQ,,,
2013-10-24,16.75,17.2,16.75,16.9,3813,EQ,,,
2013-10-25,16.8,17.0,16.25,16.3,9648,EQ,,,
2013-10-28,16.3,16.8,16.3,16.35,8250,EQ,,,
2013-10-29,16.3,16.4,15.7,16.15,7241,EQ,,,
2013-10-30,17.05,17.05,16.2,16.25,10971,EQ,,,
2013-10-31,17.25,17.5,16.35,16.5,6308,EQ,,,
2013-11-01,16.5,17.25,16.4,16.6,13309,EQ,,,
2013-11-03,16.5,17.5,16.5,16.55,2918,EQ,,,
2013-11-05,16.9,17.5,16.65,17.35,18261,EQ,,,
2013-11-06,17.2,17.6,17.2,17.25,8902,EQ,,,
2013-11-07,17.2,18.25,17.1,17.7,23813,EQ,,,
2013-11-08,17.55,17.65,17.0,17.35,7900,EQ,,,
2013-11-11,17.5,18.95,17.25,17.3,77365,EQ,,,
2013-11-12,17.25,17.7,16.05,16.35,13758,EQ,,,
2013-11-13,18.0,18.0,16.2,16.45,12424,EQ,,,
2013-11-14,17.45,17.45,16.25,16.3,33711,EQ,,,
2013-11-18,16.35,16.6,16.2,16.25,9389,EQ,,,
2013-11-19,16.25,16.5,16.1,16.1,19112,EQ,,,
2013-11-20,16.5,16.95,16.25,16.25,15826,EQ,,,
2013-11-21,16.15,16.4,16.1,16.15,14515,EQ,,,
2013-11-22,16.7,16.7,16.2,16.25,13641,EQ,,,
2013-11-25,16.25,16.75,15.7,15.8,10173,EQ,,,
2013-11-26,15.75,16.2,15.15,15.45,13457,EQ,,,
2013-11-27,15.3,15.35,15.0,15.2,8080,EQ,,,
2013-11-28,15.15,15.65,14.5,14.75,22328,EQ,,,
2013-11-29,14.7,15.05,14.2,14.3,22770,EQ,,,
2013-12-02,14.95,15.9,13.1,14.0,240057,EQ,,,
2013-12-03,14.5,15.05,13.8,14.85,70741,EQ,,,
2013-12-04,14.8,15.3,14.8,15.25,8144,EQ,,,
2013-12-05,15.4,16.3,15.0,15.6,65576,EQ,,,
2013-12-06,16.2,16.2,15.3,15.5,20637,EQ,,,
2013-12-09,16.35,16.4,15.3,15.3,20567,EQ,,,
2013-12-10,15.25,15.7,15.2,15.3,20722,EQ,,,
2013-12-11,15.0,15.55,15.0,15.0,4958,EQ,,,
2013-12-12,15.0,15.45,15.0,15.15,9225,EQ,,,
2013-12-13,15.1,15.4,15.0,15.0,13149,EQ,,,
2013-12-16,15.0,15.7,15.0,15.5,6912,EQ,,,
2013-12-17,15.3,15.5,15.05,15.15,26195,EQ,,,
2013-12-18,15.05,15.2,14.85,14.9,13517,EQ,,,
2013-12-19,15.6,15.6,14.8,14.85,12941,EQ,,,
2013-12-20,14.85,15.5,14.65,15.15,15051,EQ,,,
2013-12-23,15.55,15.9,14.85,15.2,7269,EQ,,,
2013-12-24,15.5,15.5,15.1,15.3,13198,EQ,,,
2013-12-26,15.45,15.5,15.35,15.4,7894,EQ,,,
2013-12-27,15.35,15.5,15.3,15.4,7911,EQ,,,
2013-12-30,15.3,15.5,15.3,15.35,15973,EQ,,,
2013-12-31,15.4,16.3,15.4,15.7,41699,EQ,,,
2014-01-01,15.65,16.25,15.55,16.0,18447,EQ,,,
2014-01-02,16.2,17.7,16.2,16.4,45144,EQ,,,
2014-01-03,16.25,16.65,16.1,16.4,5688,EQ,,,
2014-01-06,16.35,16.5,16.1,16.3,5507,EQ,,,
2014-01-07,16.35,16.65,15.5,15.8,23986,EQ,,,
2014-01-08,16.0,16.4,15.9,16.1,13298,EQ,,,
2014-01-09,16.05,16.45,16.0,16.0,4582,EQ,,,
2014-01-10,16.05,16.25,15.9,16.0,23553,EQ,,,
2014-01-13,16.0,16.05,16.0,16.0,2701,EQ,,,
2014-01-14,16.55,16.55,16.0,16.0,6140,EQ,,,
2014-01-15,16.45,16.5,15.75,15.9,24026,EQ,,,
2014-01-16,16.05,16.1,16.0,16.0,3001,EQ,,,
2014-01-17,16.05,16.35,16.0,16.0,11911,EQ,,,
2014-01-20,16.0,16.15,16.0,16.1,5131,EQ,,,
2014-01-21,16.0,16.35,16.0,16.2,479,EQ,,,
2014-01-22,16.05,16.5,16.0,16.0,4814,EQ,,,
2014-01-23,16.0,16.1,16.0,16.0,6104,EQ,,,
2014-01-24,16.0,16.3,16.0,16.15,7797,EQ,,,
2014-01-27,15.9,16.2,15.75,16.0,6067,EQ,,,
2014-01-28,15.95,17.7,15.9,16.25,39546,EQ,,,
2014-01-29,15.7,16.5,15.4,16.1,8581,EQ,,,
2014-01-30,16.0,16.05,15.75,15.85,7596,EQ,,,
2014-01-31,16.4,16.45,16.1,16.1,1823,EQ,,,
2014-02-03,15.8,16.35,15.8,16.0,3611,EQ,,,
2014-02-04,15.95,16.85,15.95,16.4,8125,EQ,,,
2014-02-05,16.75,17.35,16.75,17.0,10853,EQ,,,
2014-02-06,16.9,17.2,16.9,17.0,7730,EQ,,,
2014-02-07,17.05,19.35,17.05,18.65,86383,EQ,,,
2014-02-10,18.5,19.75,18.5,18.7,39360,EQ,,,
2014-02-11,18.6,19.45,18.6,19.05,19241,EQ,,,
2014-02-12,18.8,19.25,18.8,19.05,10629,EQ,,,
2014-02-13,18.9,19.35,18.7,19.1,44472,EQ,,,
2014-02-14,18.9,20.0,18.9,19.7,42852,EQ,,,
2014-02-17,21.0,21.0,20.0,20.25,48258,EQ,,,
2014-02-18,20.05,20.6,20.05,20.4,45150,EQ,,,
2014-02-19,20.0,21.2,19.95,20.9,42177,EQ,,,
2014-02-20,20.8,20.85,20.5,20.7,26459,EQ,,,
2014-02-21,20.6,21.35,20.6,20.9,14553,EQ,,,
2014-02-24,20.5,21.0,20.5,20.6,7540,EQ,,,
2014-02-25,19.5,20.75,19.5,20.3,17546,EQ,,,
2014-02-26,20.0,20.0,19.4,19.75,16707,EQ,,,
2014-02-28,19.6,19.6,19.25,19.25,4788,EQ,,,
2014-03-03,19.3,20.0,19.3,19.95,54338,EQ,,,
2014-03-04,19.8,20.35,19.35,20.2,23825,EQ,,,
2014-03-05,20.1,20.6,20.05,20.2,21671,EQ,,,
2014-03-06,19.8,20.8,19.8,20.45,18323,EQ,,,
2014-03-07,20.3,21.25,20.3,20.45,34070,EQ,,,
2014-03-10,19.9,20.3,19.9,20.0,13137,EQ,,,
2014-03-11,19.7,20.0,18.8,18.8,28173,EQ,,,
2014-03-12,18.6,19.85,18.6,18.8,4226,EQ,,,
2014-03-13,18.65,18.9,18.6,18.7,9366,EQ,,,
2014-03-14,18.5,18.8,18.35,18.35,3100,EQ,,,
2014-03-18,18.8,19.2,18.35,18.35,4069,EQ,,,
2014-03-19,18.1,19.1,18.1,18.5,47148,EQ,,,
2014-03-20,18.1,18.8,18.1,18.35,5181,EQ,,,
2014-03-21,18.1,19.4,18.1,18.85,15433,EQ,,,
2014-03-22,18.7,19.0,18.7,19.0,483,EQ,,,
2014-03-24,18.3,19.65,18.3,19.4,13248,EQ,,,
2014-03-25,19.25,19.85,18.9,19.3,22866,EQ,,,
2014-03-26,19.0,19.6,19.0,19.45,8779,EQ,,,
2014-03-27,19.5,20.25,19.5,20.15,16540,EQ,,,
2014-03-28,20.0,20.7,20.0,20.5,22867,EQ,,,
2014-03-31,20.0,22.8,20.0,21.7,24892,EQ,,,
2014-04-01,22.6,22.95,22.05,22.45,68966,EQ,,,
2014-04-02,22.25,23.2,22.05,22.2,25237,EQ,,,
2014-04-03,22.0,22.95,20.85,21.45,41556,EQ,,,
2014-04-04,21.75,22.2,21.25,21.75,23454,EQ,,,
2014-04-07,21.55,22.0,21.55,21.9,25131,EQ,,,
2014-04-09,21.75,22.3,21.75,22.15,122006,EQ,,,
2014-04-10,22.0,22.5,21.8,22.0,58354,EQ,,,
2014-04-11,21.9,23.75,21.75,22.35,61948,EQ,,,
2014-04-15,22.0,23.1,22.0,22.8,24635,EQ,,,
2014-04-16,22.5,23.4,22.5,23.1,46956,EQ,,,
2014-04-17,23.05,23.8,20.4,21.0,456601,EQ,,,
2014-04-21,21.1,22.4,21.0,22.0,233035,EQ,,,
2014-04-22,21.9,22.25,21.85,22.0,35975,EQ,,,
2014-04-23,21.5,22.5,21.5,21.95,44502,EQ,,,
2014-04-25,22.15,22.35,21.9,22.05,24663,EQ,,,
2014-04-28,21.9,22.2,21.9,21.95,12872,EQ,,,
2014-04-29,21.8,22.3,21.8,22.0,33034,EQ,,,
2014-04-30,21.8,22.0,21.75,21.9,28222,EQ,,,
2014-05-02,21.95,22.25,21.95,22.0,6042,EQ,,,
2014-05-05,22.0,22.25,21.5,22.05,80621,EQ,,,
2014-05-06,21.65,22.1,21.65,21.95,34110,EQ,,,
2014-05-07,21.8,22.2,21.8,21.95,14847,EQ,,,
2014-05-08,22.0,22.15,22.0,22.05,22367,EQ,,,
2014-05-09,21.55,22.9,21.55,22.25,31696,EQ,,,
2014-05-12,22.2,22.25,22.05,22.05,21085,EQ,,,
2014-05-13,21.75,22.5,21.75,22.05,31406,EQ,,,
2014-05-14,22.05,22.35,21.95,21.95,25341,EQ,,,
2014-05-15,21.95,22.0,21.85,21.85,29989,EQ,,,
2014-05-16,21.8,22.3,21.5,21.5,64605,EQ,,,
2014-05-19,21.2,23.4,21.2,22.8,90825,EQ,,,
2014-05-20,23.0,25.25,23.0,23.7,68400,EQ,,,
2014-05-21,23.5,24.55,23.2,23.55,32917,EQ,,,
2014-05-22,24.8,25.0,23.8,24.2,68926,EQ,,,
2014-05-23,24.0,24.5,23.55,24.1,90316,EQ,,,
2014-05-26,23.25,26.25,23.0,23.1,353556,EQ,,,
2014-05-27,23.15,23.15,22.25,22.3,12905,EQ,,,
2014-05-28,22.35,23.6,22.3,22.8,38566,EQ,,,
2014-05-29,22.8,22.8,22.2,22.25,10587,EQ,,,
2014-05-30,22.1,23.1,21.85,21.85,36503,EQ,,,
2014-06-02,22.0,22.5,22.0,22.4,11370,EQ,,,
2014-06-03,22.5,24.3,22.25,23.3,58728,EQ,,,
2014-06-04,23.5,23.75,22.6,22.8,53989,EQ,,,
2014-06-05,23.3,25.0,23.3,23.85,111482,EQ,,,
2014-06-06,23.7,24.5,23.55,23.95,53654,EQ,,,
2014-06-09,24.65,28.4,24.5,27.7,479124,EQ,,,
2014-06-10,28.0,28.4,26.35,27.35,82987,EQ,,,
2014-06-11,26.1,32.05,26.1,28.7,248736,EQ,,,
2014-06-12,27.5,29.75,27.5,28.55,54649,EQ,,,
2014-06-13,28.8,29.5,26.95,27.6,92400,EQ,,,
2014-06-16,27.3,27.75,27.0,27.65,46387,EQ,,,
2014-06-17,27.3,28.95,27.25,28.4,38442,EQ,,,
2014-06-18,28.0,28.75,26.35,27.95,130208,EQ,,,
2014-06-19,28.0,31.8,27.5,30.9,326172,EQ,,,
2014-06-20,29.0,29.6,27.8,28.0,186206,EQ,,,
2014-06-23,28.05,28.65,27.85,28.4,31520,EQ,,,
2014-06-24,28.85,31.2,28.2,30.35,179277,EQ,,,
2014-06-25,32.5,33.8,31.3,31.85,789211,EQ,,,
2014-06-26,31.7,31.7,29.6,29.75,142669,EQ,,,
2014-06-27,30.0,30.0,28.7,28.75,77785,EQ,,,
2014-06-30,29.0,30.7,28.6,29.15,60462,EQ,,,
2014-07-01,28.95,30.4,28.95,29.25,60009,EQ,,,
2014-07-02,29.95,30.35,29.25,29.95,70430,EQ,,,
2014-07-03,29.85,30.35,28.8,29.05,69372,EQ,,,
2014-07-04,29.0,32.5,28.15,31.9,297863,EQ,,,
2014-07-07,32.7,32.7,30.2,30.35,289826,EQ,,,
2014-07-08,30.05,30.85,28.0,28.3,57661,EQ,,,
2014-07-09,28.3,32.5,27.5,29.35,950063,EQ,,,
2014-07-10,29.7,29.7,27.5,28.3,161535,EQ,,,
2014-07-11,28.6,28.8,26.05,26.3,142615,EQ,,,
2014-07-14,26.0,27.55,26.0,27.2,58984,EQ,,,
2014-07-15,27.3,29.0,27.0,27.35,54295,EQ,,,
2014-07-16,27.9,27.9,27.25,27.55,27891,EQ,,,
2014-07-17,28.7,29.3,27.2,28.9,112213,EQ,,,
2014-07-18,28.55,29.25,28.25,28.25,46445,EQ,,,
2014-07-21,28.0,29.5,27.9,28.9,56868,EQ,,,
2014-07-22,28.5,31.95,28.5,31.0,331643,EQ,,,
2014-07-23,31.3,31.5,29.35,29.7,94197,EQ,,,
2014-07-24,29.85,30.0,29.3,29.55,44608,EQ,,,
2014-07-25,29.65,29.8,27.5,28.15,151033,EQ,,,
2014-07-28,27.35,28.8,27.35,28.15,31785,EQ,,,
2014-07-30,28.65,28.65,27.6,27.75,51383,EQ,,,
2014-07-31,27.9,28.5,27.7,27.9,27451,EQ,,,
2014-08-01,28.05,28.85,28.0,28.1,44822,EQ,,,
2014-08-04,28.05,28.7,28.05,28.45,15419,EQ,,,
2014-08-05,28.2,29.5,28.2,28.95,52413,EQ,,,
2014-08-06,28.15,29.5,28.15,28.6,57729,EQ,,,
2014-08-07,28.6,29.1,28.15,28.2,15571,EQ,,,
2014-08-08,28.0,28.1,27.25,27.8,40496,EQ,,,
2014-08-11,28.0,29.0,27.8,27.95,68680,EQ,,,
2014-08-12,27.8,28.75,27.8,28.35,29711,EQ,,,
2014-08-13,28.1,28.7,26.55,27.3,85078,EQ,,,
2014-08-14,27.0,28.0,27.0,27.5,20958,EQ,,,
2014-08-18,27.35,28.5,27.35,28.4,16337,EQ,,,
2014-08-19,27.75,29.75,27.75,28.45,31212,EQ,,,
2014-08-20,28.0,28.75,27.7,27.95,68032,EQ,,,
2014-08-21,27.85,29.0,27.75,28.2,12822,EQ,,,
2014-08-22,28.0,28.3,27.8,27.95,14256,EQ,,,
2014-08-25,27.5,28.25,27.5,28.0,10492,EQ,,,
2014-08-26,27.95,28.05,27.85,28.0,51725,EQ,,,
2014-08-27,27.95,28.55,27.95,28.3,21099,EQ,,,
2014-08-28,28.0,28.75,27.95,28.45,27809,EQ,,,
2014-09-01,28.0,28.85,27.9,28.75,122778,EQ,,,
2014-09-02,28.4,29.5,28.2,28.85,42247,EQ,,,
2014-09-03,28.9,28.95,28.15,28.4,15073,EQ,,,
2014-09-04,28.0,28.3,27.65,28.2,130368,EQ,,,
2014-09-05,29.0,31.8,28.0,30.95,439249,EQ,,,
2014-09-08,32.7,34.0,31.85,32.5,1884604,EQ,,,
2014-09-09,32.5,32.7,29.45,30.15,314136,EQ,,,
2014-09-10,29.8,31.5,29.45,30.95,205694,EQ,,,
2014-09-11,31.9,32.8,30.55,30.95,300953,EQ,,,
2014-09-12,31.5,32.45,30.9,31.1,242180,EQ,,,
2014-09-15,31.5,31.5,30.2,30.5,97557,EQ,,,
2014-09-16,30.5,30.8,29.4,29.7,118246,EQ,,,
2014-09-17,30.75,30.75,29.55,29.9,40876,EQ,,,
2014-09-18,29.25,30.4,29.25,30.1,69001,EQ,,,
2014-09-19,30.4,30.5,29.75,29.85,102104,EQ,,,
2014-09-22,30.35,30.35,29.6,30.0,39261,EQ,,,
2014-09-23,29.6,30.5,29.6,29.7,73228,EQ,,,
2014-09-24,29.5,29.7,28.35,28.7,68771,EQ,,,
2014-09-25,28.3,30.0,28.0,28.35,83668,EQ,,,
2014-09-26,27.65,29.0,27.5,28.4,56270,EQ,,,
2014-09-29,28.4,28.45,27.5,28.0,35192,EQ,,,
2014-09-30,27.0,28.6,27.0,28.5,26399,EQ,,,
2014-10-01,27.85,28.7,27.85,28.4,25891,EQ,,,
2014-10-07,28.8,28.8,27.5,28.0,23413,EQ,,,
2014-10-08,28.0,29.0,27.55,27.95,20108,EQ,,,
2014-10-09,28.0,28.25,27.7,28.05,20482,EQ,,,
2014-10-10,27.5,28.0,27.5,27.9,19628,EQ,,,
2014-10-13,27.5,27.7,27.0,27.1,73996,EQ,,,
2014-10-14,26.8,27.6,26.8,27.45,16155,EQ,,,
2014-10-16,26.25,28.5,26.25,27.4,16696,EQ,,,
2014-10-17,27.5,28.8,26.8,28.65,27973,EQ,,,
2014-10-20,28.0,30.0,27.6,27.85,23224,EQ,,,
2014-10-21,27.5,28.9,27.5,28.4,20384,EQ,,,
2014-10-22,28.0,29.4,28.0,28.35,28556,EQ,,,
2014-10-23,27.25,28.7,27.25,28.4,5385,EQ,,,
2014-10-27,28.15,29.15,28.15,28.75,20219,EQ,,,
2014-10-28,28.6,29.4,28.6,28.8,31492,EQ,,,
2014-10-29,28.25,29.6,28.25,29.4,54915,EQ,,,
2014-10-30,28.6,29.5,28.2,29.05,38227,EQ,,,
2014-10-31,28.5,29.5,28.5,29.2,15166,EQ,,,
2014-11-03,29.0,29.5,28.05,28.2,94641,EQ,,,
2014-11-05,27.3,29.05,27.3,28.75,33552,EQ,,,
2014-11-07,27.5,29.1,27.5,28.8,46484,EQ,,,
2014-11-10,29.0,29.4,28.25,28.25,45795,EQ,,,
2014-11-11,28.05,30.9,27.9,30.35,428421,EQ,,,
2014-11-12,31.0,31.45,29.1,29.5,536042,EQ,,,
2014-11-13,29.05,29.9,28.7,28.7,53984,EQ,,,
2014-11-14,28.3,29.0,28.0,28.35,23244,EQ,,,
2014-11-17,28.3,28.7,28.2,28.3,32861,EQ,,,
2014-11-18,28.05,28.35,27.75,27.8,52792,EQ,,,
2014-11-19,28.0,28.35,27.55,27.6,39356,EQ,,,
2014-11-20,27.5,27.9,27.05,27.25,41645,EQ,,,
2014-11-21,27.95,27.95,27.05,27.55,20161,EQ,,,
2014-11-24,27.55,28.1,27.45,27.8,25943,EQ,,,
2014-11-25,28.2,28.2,26.6,27.15,42158,EQ,,,
2014-11-26,27.0,28.1,26.55,27.4,18924,EQ,,,
2014-11-27,27.85,28.0,27.35,27.5,27858,EQ,,,
2014-11-28,27.2,28.1,27.2,27.65,30627,EQ,,,
2014-12-01,26.55,27.6,26.55,27.15,28349,EQ,,,
2014-12-02,27.0,27.9,27.0,27.0,9260,EQ,,,
2014-12-03,26.95,29.55,26.95,28.65,108264,EQ,,,
2014-12-04,28.75,30.9,28.2,30.25,525466,EQ,,,
2014-12-05,29.7,30.45,27.5,27.9,130704,EQ,,,
2014-12-08,28.5,28.5,27.8,28.0,41432,EQ,,,
2014-12-09,28.0,29.0,27.75,27.95,66577,EQ,,,
2014-12-10,28.05,28.75,27.5,28.1,8847,EQ,,,
2014-12-11,28.3,28.3,27.1,27.8,32606,EQ,,,
2014-12-12,27.5,27.95,27.45,27.6,27507,EQ,,,
2014-12-15,27.05,27.65,27.05,27.25,14072,EQ,,,
2014-12-16,27.0,27.1,26.1,26.25,63439,EQ,,,
2014-12-17,26.0,27.0,25.1,26.65,42365,EQ,,,
2014-12-18,27.75,27.75,26.25,27.4,50446,EQ,,,
2014-12-19,27.15,27.5,26.85,27.05,17253,EQ,,,
2014-12-22,27.1,27.65,26.9,27.0,11101,EQ,,,
2014-12-23,26.8,27.0,26.75,26.9,28892,EQ,,,
2014-12-24,26.5,26.9,26.5,26.65,17574,EQ,,,
2014-12-26,26.5,26.75,26.45,26.55,11819,EQ,,,
2014-12-29,26.55,27.0,26.5,26.75,26941,EQ,,,
2014-12-30,26.8,27.0,26.75,27.0,36976,EQ,,,
2014-12-31,26.85,27.1,26.85,27.05,24923,EQ,,,
2015-01-01,28.65,28.65,26.8,27.05,17816,EQ,,,
2015-01-02,26.6,27.9,26.6,27.3,14401,EQ,,,
2015-01-05,27.2,28.0,27.15,27.25,17794,EQ,,,
2015-01-06,26.5,27.35,26.5,26.8,34971,EQ,,,
2015-01-07,26.6,27.0,26.6,26.8,12468,EQ,,,
2015-01-08,26.5,27.3,26.5,27.15,24231,EQ,,,
2015-01-09,26.65,27.35,26.65,26.9,27493,EQ,,,
2015-01-12,26.9,27.7,26.9,27.15,12219,EQ,,,
2015-01-13,27.2,27.4,26.75,26.9,19201,EQ,,,
2015-01-14,26.9,27.5,26.75,26.85,17091,EQ,,,
2015-01-15,26.75,28.0,26.7,27.6,45646,EQ,,,
2015-01-16,26.65,28.25,26.65,27.7,67703,EQ,,,
2015-01-19,27.4,33.0,27.35,30.9,1181484,EQ,,,
2015-01-20,30.35,32.1,28.5,29.1,1662331,EQ,,,
2015-01-21,29.15,30.0,28.15,28.65,96285,EQ,,,
2015-01-22,28.5,28.5,27.55,27.95,59687,EQ,,,
2015-01-23,27.5,28.45,27.15,27.4,42187,EQ,,,
2015-01-27,26.3,27.95,26.3,27.4,37642,EQ,,,
2015-01-28,27.2,27.65,27.0,27.2,73672,EQ,,,
2015-01-29,27.5,27.5,27.05,27.35,33331,EQ,,,
2015-01-30,27.25,27.6,27.0,27.2,38125,EQ,,,
2015-02-02,27.0,27.5,26.3,27.4,23597,EQ,,,
2015-02-03,27.0,27.75,27.0,27.55,25471,EQ,,,
2015-02-04,27.25,27.35,27.1,27.15,26915,EQ,,,
2015-02-05,27.0,27.6,27.0,27.35,19752,EQ,,,
2015-02-06,27.0,27.6,27.0,27.5,29057,EQ,,,
2015-02-09,27.8,31.7,27.15,27.35,30107,EQ,,,
2015-02-10,27.0,27.65,26.9,27.4,16434,EQ,,,
2015-02-11,27.1,31.5,27.1,27.3,70343,EQ,,,
2015-02-12,27.15,27.65,27.15,27.25,40420,EQ,,,
2015-02-13,27.55,27.95,27.35,27.4,20071,EQ,,,
2015-02-16,29.25,30.5,28.05,28.4,149715,EQ,,,
2015-02-18,28.5,29.15,27.65,28.15,33983,EQ,,,
2015-02-19,28.0,29.35,27.15,28.1,120099,EQ,,,
2015-02-20,28.0,28.5,27.5,27.6,50319,EQ,,,
2015-02-23,28.1,28.8,27.6,27.9,73361,EQ,,,
2015-02-24,27.3,28.2,27.1,27.7,17460,EQ,,,
2015-02-25,27.45,28.5,27.4,27.8,22336,EQ,,,
2015-02-26,27.3,28.1,26.45,26.7,60571,EQ,,,
2015-02-27,27.0,27.6,26.5,26.7,55111,EQ,,,
2015-02-28,26.55,27.3,26.55,27.1,14735,EQ,,,
2015-03-02,26.65,27.4,26.3,26.55,39183,EQ,,,
2015-03-03,26.5,27.0,26.15,26.45,31555,EQ,,,
2015-03-04,26.05,26.75,25.9,26.6,22959,EQ,,,
2015-03-05,26.3,27.4,26.0,26.3,28306,EQ,,,
2015-03-09,27.0,27.0,25.7,25.95,21145,EQ,,,
2015-03-10,25.55,26.45,25.55,26.1,13832,EQ,,,
2015-03-11,26.1,28.7,26.1,28.25,101881,EQ,,,
2015-03-12,29.95,31.45,27.0,27.6,1397082,EQ,,,
2015-03-13,27.8,28.2,26.1,26.25,128077,EQ,,,
2015-03-16,26.0,26.6,25.65,25.9,87334,EQ,,,
2015-03-17,26.85,26.85,25.55,26.1,131540,EQ,,,
2015-03-18,25.9,26.0,23.55,24.05,261272,EQ,,,
2015-03-19,24.15,24.5,23.15,23.45,113286,EQ,,,
2015-03-20,23.0,23.5,21.85,22.6,114151,EQ,,,
2015-03-23,22.3,23.95,21.5,22.15,119010,EQ,,,
2015-03-24,22.1,22.15,21.65,21.75,60697,EQ,,,
2015-03-25,22.0,22.15,21.6,22.0,43732,EQ,,,
2015-03-26,21.25,22.4,21.25,22.15,24069,EQ,,,
2015-03-27,22.4,22.6,21.5,21.75,55340,EQ,,,
2015-03-30,21.6,22.8,21.6,22.65,35703,EQ,,,
2015-03-31,23.4,24.05,22.75,23.7,40049,EQ,,,
2015-04-01,23.4,24.45,22.75,23.85,14351,EQ,,,
2015-04-06,23.4,24.0,23.0,23.1,33291,EQ,,,
2015-04-07,23.1,23.7,22.05,22.4,76159,EQ,,,
2015-04-08,22.3,23.2,22.05,22.15,61597,EQ,,,
2015-04-09,22.2,22.7,21.8,22.15,52720,EQ,,,
2015-04-10,22.3,22.7,22.05,22.3,35074,EQ,,,
2015-04-13,22.3,23.5,22.3,22.6,47366,EQ,,,
2015-04-15,22.6,22.95,22.55,22.6,27247,EQ,,,
2015-04-16,22.25,22.7,22.1,22.25,25673,EQ,,,
2015-04-17,22.25,22.95,22.2,22.25,46012,EQ,,,
2015-04-20,22.05,22.55,22.05,22.25,26579,EQ,,,
2015-04-21,21.6,22.1,21.6,21.75,26123,EQ,,,
2015-04-22,21.3,22.05,21.3,21.9,17447,EQ,,,
2015-04-23,21.25,22.7,21.25,22.4,51974,EQ,,,
2015-04-24,23.5,23.6,21.8,22.4,366692,EQ,,,
2015-04-27,21.75,22.2,21.3,21.45,59028,EQ,,,
2015-04-28,21.0,21.4,20.85,21.05,44211,EQ,,,
2015-04-29,21.0,21.45,21.0,21.2,30030,EQ,,,
2015-04-30,21.1,21.45,21.1,21.2,30811,EQ,,,
2015-05-04,20.65,21.6,20.65,21.4,31255,EQ,,,
2015-05-05,21.4,21.8,21.25,21.35,43949,EQ,,,
2015-05-06,21.15,21.65,21.0,21.05,39518,EQ,,,
2015-05-07,21.05,21.1,20.9,20.95,31104,EQ,,,
2015-05-08,21.1,21.5,21.1,21.5,22084,EQ,,,
2015-05-11,21.6,22.2,21.6,21.95,33242,EQ,,,
2015-05-12,21.8,22.1,21.5,21.95,15655,EQ,,,
2015-05-13,22.2,22.5,21.9,22.0,14612,EQ,,,
2015-05-14,22.45,22.75,22.2,22.65,24142,EQ,,,
2015-05-15,22.1,22.85,22.1,22.45,21767,EQ,,,
2015-05-18,22.25,22.65,22.25,22.4,24313,EQ,,,
2015-05-19,22.25,22.5,22.2,22.5,20156,EQ,,,
2015-05-20,22.4,22.45,22.2,22.2,27836,EQ,,,
2015-05-21,22.0,23.85,22.0,22.85,162145,EQ,,,
2015-05-22,24.0,24.2,22.15,22.3,773428,EQ,,,
2015-05-25,21.85,22.25,21.85,22.15,39280,EQ,,,
2015-05-26,22.05,22.3,21.6,21.75,79426,EQ,,,
2015-05-27,21.7,21.9,20.9,21.65,17813,EQ,,,
2015-05-28,21.55,22.15,21.55,21.7,28523,EQ,,,
2015-05-29,21.55,22.0,21.1,21.35,58396,EQ,,,
2015-06-01,21.35,21.75,21.0,21.15,43760,EQ,,,
2015-06-02,21.0,21.4,20.25,20.35,28994,EQ,,,
2015-06-03,20.9,20.9,19.5,20.0,27147,EQ,,,
2015-06-04,19.5,19.9,18.45,18.95,116560,EQ,,,
2015-06-05,19.0,19.6,18.3,18.6,122570,EQ,,,
2015-06-08,18.65,20.0,17.55,17.9,82528,EQ,,,
2015-06-09,17.6,18.15,17.5,17.75,55561,EQ,,,
2015-06-10,17.95,19.7,17.3,18.8,188677,EQ,,,
2015-06-11,20.05,20.6,18.0,18.25,637779,EQ,,,
2015-06-12,18.5,18.5,17.65,17.75,60551,EQ,,,
2015-06-15,18.0,18.2,17.05,17.55,38059,EQ,,,
2015-06-16,18.1,18.1,17.0,17.15,49471,EQ,,,
2015-06-17,17.15,18.0,17.15,17.7,18643,EQ,,,
2015-06-18,17.7,17.95,16.55,16.9,133321,EQ,,,
2015-06-19,17.6,17.6,16.4,16.5,55668,EQ,,,
2015-06-22,16.25,16.85,16.15,16.25,148867,EQ,,,
2015-06-23,16.9,16.9,16.3,16.5,100933,EQ,,,
2015-06-24,17.45,17.8,16.2,16.5,655556,EQ,,,
2015-06-25,16.3,16.65,16.3,16.5,102033,EQ,,,
2015-06-26,16.3,16.5,16.15,16.25,33962,EQ,,,
2015-06-29,15.9,16.5,15.8,16.45,78989,EQ,,,
2015-06-30,16.45,16.5,16.05,16.35,28334,EQ,,,
2015-07-01,16.3,16.75,16.3,16.5,61401,EQ,,,
2015-07-02,16.7,16.8,16.45,16.5,94756,EQ,,,
2015-07-03,16.75,16.75,16.3,16.4,21275,EQ,,,
2015-07-06,16.25,16.6,16.2,16.45,180678,EQ,,,
2015-07-07,16.6,16.75,16.25,16.3,51956,EQ,,,
2015-07-08,17.0,17.8,16.45,16.65,484299,EQ,,,
2015-07-09,17.2,17.2,16.4,16.5,138349,EQ,,,
2015-07-10,16.6,16.9,16.35,16.5,51367,EQ,,,
2015-07-13,16.5,16.65,16.45,16.45,41368,EQ,,,
2015-07-14,16.65,16.65,16.4,16.5,87878,EQ,,,
2015-07-15,16.5,18.05,16.45,17.9,393245,EQ,,,
2015-07-16,19.0,19.4,18.25,18.65,903866,EQ,,,
2015-07-17,18.9,18.9,17.8,18.15,97250,EQ,,,
2015-07-20,18.35,18.35,17.55,17.8,38069,EQ,,,
2015-07-21,18.0,18.0,17.1,17.35,58936,EQ,,,
2015-07-22,17.1,18.0,17.0,17.65,75212,EQ,,,
2015-07-23,17.4,18.2,17.4,18.05,42703,EQ,,,
2015-07-24,18.2,18.3,17.8,17.85,63658,EQ,,,
2015-07-27,17.9,18.0,17.7,17.7,50257,EQ,,,
2015-07-28,18.1,18.15,17.65,17.8,41041,EQ,,,
2015-07-29,17.9,18.1,17.8,17.95,57869,EQ,,,
2015-07-30,18.0,18.2,17.9,18.0,69747,EQ,,,
2015-07-31,18.0,18.2,17.9,18.0,137173,EQ,,,
2015-08-03,18.2,18.25,17.9,18.0,59787,EQ,,,
2015-08-04,18.0,18.1,17.9,18.0,66721,EQ,,,
2015-08-05,18.0,19.3,18.0,18.55,248823,EQ,,,
2015-08-06,18.55,19.5,18.45,18.8,342577,EQ,,,
2015-08-07,18.85,19.65,18.8,19.05,112663,EQ,,,
2015-08-10,18.5,19.5,18.5,19.05,54615,EQ,,,
2015-08-11,19.15,20.7,18.95,20.05,357530,EQ,,,
2015-08-12,19.8,21.0,19.05,19.4,287256,EQ,,,
2015-08-13,20.7,21.3,19.7,20.0,961295,EQ,,,
2015-08-14,19.4,20.0,19.15,19.85,97553,EQ,,,
2015-08-17,19.85,20.4,19.6,19.95,66396,EQ,,,
2015-08-18,19.8,20.55,19.7,20.3,110154,EQ,,,
2015-08-19,20.05,20.8,20.05,20.5,67928,EQ,,,
2015-08-20,20.35,20.7,20.15,20.2,58871,EQ,,,
2015-08-21,20.0,20.2,19.6,20.15,45487,EQ,,,
2015-08-24,20.45,20.45,17.65,18.45,299852,EQ,,,
2015-08-25,18.5,19.35,17.6,18.35,154653,EQ,,,
2015-08-26,18.35,19.2,18.3,18.85,49108,EQ,,,
2015-08-27,19.2,20.15,19.2,19.95,68364,EQ,,,
2015-08-28,20.5,20.6,20.1,20.1,62175,EQ,,,
2015-08-31,19.65,20.3,19.65,19.85,22664,EQ,,,
2015-09-01,19.8,20.25,19.6,19.6,33811,EQ,,,
2015-09-02,19.8,20.05,19.7,19.8,27320,EQ,,,
2015-09-03,19.65,20.25,19.65,20.0,47688,EQ,,,
2015-09-04,20.0,20.0,19.5,19.65,42419,EQ,,,
2015-09-07,19.35,20.0,19.15,19.3,30660,EQ,,,
2015-09-08,18.95,19.2,18.95,19.05,13363,EQ,,,
2015-09-09,19.5,19.7,19.1,19.2,13752,EQ,,,
2015-09-10,19.0,19.35,19.0,19.1,11888,EQ,,,
2015-09-11,19.0,19.45,19.0,19.25,15523,EQ,,,
2015-09-14,19.5,20.4,19.25,19.8,45636,EQ,,,
2015-09-15,19.5,19.95,19.15,19.2,34836,EQ,,,
2015-09-16,19.15,19.5,19.1,19.2,33782,EQ,,,
2015-09-18,19.15,19.5,19.0,19.0,68250,EQ,,,
2015-09-21,19.0,19.15,18.8,19.0,6409,EQ,,,
2015-09-22,19.0,19.5,18.7,19.1,58922,EQ,,,
2015-09-23,18.9,19.15,18.8,19.0,54347,EQ,,,
2015-09-24,18.9,19.15,18.85,18.9,58561,EQ,,,
2015-09-28,18.9,19.0,18.8,18.9,40649,EQ,,,
2015-09-29,18.8,18.9,17.5,17.9,67987,EQ,,,
2015-09-30,17.7,18.55,17.7,18.5,21700,EQ,,,
2015-10-01,18.2,18.9,18.1,18.2,26449,EQ,,,
2015-10-05,18.0,18.8,18.0,18.65,19941,EQ,,,
2015-10-06,18.5,18.9,18.5,18.6,8314,EQ,,,
2015-10-07,18.65,19.5,18.55,19.3,26302,EQ,,,
2015-10-08,19.0,19.9,18.5,19.1,19730,EQ,,,
2015-10-09,19.3,19.75,19.2,19.2,22778,EQ,,,
2015-10-12,19.25,21.15,19.2,19.7,150406,EQ,,,
2015-10-13,19.7,20.2,19.6,19.75,24339,EQ,,,
2015-10-14,19.8,20.1,19.55,19.75,15427,EQ,,,
2015-10-15,19.7,20.2,19.3,19.45,44771,EQ,,,
2015-10-16,19.0,19.8,19.0,19.75,8138,EQ,,,
2015-10-19,19.75,20.1,19.5,19.85,12299,EQ,,,
2015-10-20,19.8,20.65,19.3,19.5,74223,EQ,,,
2015-10-21,19.5,19.8,19.15,19.2,18774,EQ,,,
2015-10-23,19.25,19.9,19.25,19.5,15468,EQ,,,
2015-10-26,19.5,19.5,18.95,19.1,30343,EQ,,,
2015-10-27,19.05,19.6,19.05,19.35,10978,EQ,,,
2015-10-28,19.25,19.9,19.25,19.35,29815,EQ,,,
2015-10-29,19.2,19.5,19.05,19.1,19450,EQ,,,
2015-10-30,19.1,19.65,19.05,19.5,102387,EQ,,,
2015-11-02,19.6,19.7,19.25,19.6,31377,EQ,,,
2015-11-03,19.35,20.1,19.35,19.85,23167,EQ,,,
2015-11-04,19.75,20.2,19.5,19.65,24380,EQ,,,
2015-11-05,19.5,20.1,19.35,19.75,76095,EQ,,,
2015-11-06,20.0,20.4,19.6,19.85,88706,EQ,,,
2015-11-09,20.35,21.3,19.25,19.7,166560,EQ,,,
2015-11-10,19.6,20.0,19.25,19.6,27625,EQ,,,
2015-11-11,19.75,20.1,19.75,19.8,5871,EQ,,,
2015-11-13,19.3,19.8,19.15,19.2,8494,EQ,,,
2015-11-16,19.05,20.15,19.05,19.75,156709,EQ,,,
2015-11-17,19.55,19.9,19.5,19.6,19672,EQ,,,
2015-11-18,19.55,19.95,19.4,19.45,19354,EQ,,,
2015-11-19,19.3,20.6,19.2,20.2,70026,EQ,,,
2015-11-20,19.9,20.35,19.9,20.05,33528,EQ,,,
2015-11-23,21.8,22.85,20.85,21.3,535531,EQ,,,
2015-11-24,20.6,21.25,20.4,20.65,62512,EQ,,,
2015-11-26,20.5,21.05,20.4,20.7,43844,EQ,,,
2015-11-27,21.0,21.2,20.4,21.1,75086,EQ,,,
2015-11-30,21.05,22.0,21.05,21.45,86915,EQ,,,
2015-12-01,21.95,22.7,21.35,22.25,182427,EQ,,,
2015-12-02,23.3,23.4,22.4,23.15,320173,EQ,,,
2015-12-03,23.1,23.25,22.25,22.6,57870,EQ,,,
2015-12-04,22.4,23.75,22.1,23.05,96273,EQ,,,
2015-12-07,23.8,23.8,22.6,23.35,63487,EQ,,,
2015-12-08,23.0,23.4,22.25,22.65,111526,EQ,,,
2015-12-09,22.45,22.9,20.6,21.35,41427,EQ,,,
2015-12-10,21.05,23.9,20.95,22.95,190307,EQ,,,
2015-12-11,22.95,23.6,21.95,22.45,106600,EQ,,,
2015-12-14,22.45,23.3,22.1,22.65,56535,EQ,,,
2015-12-15,23.0,23.0,22.4,22.9,51053,EQ,,,
2015-12-16,23.0,23.25,22.55,22.65,60471,EQ,,,
2015-12-17,22.55,23.35,22.5,23.15,40818,EQ,,,
2015-12-18,23.0,23.4,22.7,22.8,36583,EQ,,,
2015-12-21,22.95,23.3,22.9,23.05,42305,EQ,,,
2015-12-22,22.9,23.8,22.9,23.2,48381,EQ,,,
2015-12-23,23.2,23.65,23.1,23.25,32092,EQ,,,
2015-12-24,22.7,23.5,22.7,23.3,23676,EQ,,,
2015-12-28,22.05,23.6,22.05,23.3,26418,EQ,,,
2015-12-29,23.05,23.7,23.05,23.15,21577,EQ,,,
2015-12-30,23.15,23.9,23.15,23.55,54208,EQ,,,
2015-12-31,23.85,24.6,23.8,24.1,221409,EQ,,,
2016-01-01,24.15,24.5,23.85,24.45,73562,EQ,,,
2016-01-04,24.65,24.9,23.9,24.05,87964,EQ,,,
2016-01-05,24.1,27.2,23.95,26.25,586618,EQ,,,
2016-01-06,26.25,27.3,24.85,25.5,196660,EQ,,,
2016-01-07,25.0,25.0,23.5,23.75,62023,EQ,,,
2016-01-08,24.95,25.85,23.25,25.25,130608,EQ,,,
2016-01-11,25.2,26.2,24.25,24.8,96432,EQ,,,
2016-01-12,24.9,25.9,23.65,24.0,54169,EQ,,,
2016-01-13,24.05,25.0,22.35,23.65,123385,EQ,,,
2016-01-14,23.3,23.45,21.95,23.1,40329,EQ,,,
2016-01-15,22.9,23.45,21.85,21.9,105184,EQ,,,
2016-01-18,21.8,22.65,21.45,21.45,38327,EQ,,,
2016-01-19,21.7,21.85,21.1,21.55,11058,EQ,,,
2016-01-20,21.0,21.65,20.95,21.3,33550,EQ,,,
2016-01-21,21.15,21.95,21.0,21.1,10438,EQ,,,
2016-01-22,21.4,22.75,21.4,22.4,31363,EQ,,,
2016-01-25,22.45,23.1,21.85,21.95,69397,EQ,,,
2016-01-27,22.5,22.75,22.1,22.4,18217,EQ,,,
2016-01-28,22.3,22.95,22.3,22.7,12132,EQ,,,
2016-01-29,22.5,23.25,22.0,22.85,54574,EQ,,,
2016-02-01,23.3,23.3,22.75,23.1,20968,EQ,,,
2016-02-02,23.0,24.7,22.85,24.05,80659,EQ,,,
2016-02-03,23.7,24.0,23.25,23.4,83648,EQ,,,
2016-02-04,24.4,24.6,22.25,22.75,217801,EQ,,,
2016-02-05,22.5,24.15,22.15,23.5,126067,EQ,,,
2016-02-08,23.8,24.3,22.3,22.65,132058,EQ,,,
2016-02-09,22.4,22.6,20.3,20.7,220023,EQ,,,
2016-02-10,21.0,21.0,20.4,20.7,41304,EQ,,,
2016-02-11,22.4,22.45,20.05,20.1,20219,EQ,,,
2016-02-12,20.2,21.5,18.5,19.75,44284,EQ,,,
2016-02-15,20.0,20.85,19.8,20.5,25986,EQ,,,
2016-02-16,20.8,20.95,20.0,20.1,16479,EQ,,,
2016-02-17,19.9,19.9,19.25,19.6,9268,EQ,,,
2016-02-18,20.15,20.5,20.05,20.2,10969,EQ,,,
2016-02-19,20.0,21.0,20.0,20.75,20901,EQ,,,
2016-02-22,20.55,21.3,20.55,21.0,3222,EQ,,,
2016-02-23,21.05,21.3,20.3,20.6,19115,EQ,,,
2016-02-24,20.7,20.7,19.65,19.7,19549,EQ,,,
2016-02-25,20.0,20.0,19.35,19.5,29671,EQ,,,
2016-02-26,19.3,20.45,19.3,19.35,31240,EQ,,,
2016-02-29,19.3,19.65,18.5,19.0,19601,EQ,,,
2016-03-01,18.9,19.4,18.35,19.0,58880,EQ,,,
2016-03-02,19.2,19.55,18.7,18.75,70011,EQ,,,
2016-03-03,18.7,19.8,18.7,19.45,44943,EQ,,,
2016-03-04,19.25,20.25,19.1,19.7,21954,EQ,,,
2016-03-08,19.65,20.6,19.6,19.75,49628,EQ,,,
2016-03-09,19.7,20.35,19.5,19.85,18608,EQ,,,
2016-03-10,19.8,20.25,19.65,20.0,84747,EQ,,,
2016-03-11,19.95,21.5,19.85,21.2,71461,EQ,,,
2016-03-14,21.6,21.7,20.5,20.85,29183,EQ,,,
2016-03-15,22.0,22.2,19.9,20.2,383334,EQ,,,
2016-03-16,20.0,20.5,19.75,19.95,47497,EQ,,,
2016-03-17,20.2,20.4,19.4,19.5,55639,EQ,,,
2016-03-18,19.6,19.65,19.15,19.35,61758,EQ,,,
2016-03-21,19.3,19.7,19.05,19.15,55274,EQ,,,
2016-03-22,19.1,19.7,19.05,19.55,21171,EQ,,,
2016-03-23,19.95,20.8,18.5,20.25,49800,EQ,,,
2016-03-28,20.5,20.5,18.9,19.15,83798,EQ,,,
2016-03-29,19.25,19.6,19.1,19.4,14237,EQ,,,
2016-03-30,19.65,20.3,19.5,19.95,24430,EQ,,,
2016-03-31,20.0,20.7,19.6,19.75,113576,EQ,,,
2016-04-01,19.7,20.25,19.6,20.05,7199,EQ,,,
2016-04-04,20.0,22.0,20.0,21.8,208272,EQ,,,
2016-04-05,21.5,22.3,21.0,21.15,149880,EQ,,,
2016-04-06,21.1,22.2,20.75,21.9,79291,EQ,,,
2016-04-07,22.0,22.0,21.1,21.65,22361,EQ,,,
2016-04-08,21.4,23.4,21.4,23.1,152565,EQ,,,
2016-04-11,23.0,23.6,22.3,22.75,33093,EQ,,,
2016-04-12,22.4,22.7,21.8,22.15,45981,EQ,,,
2016-04-13,22.85,22.85,21.5,21.6,80082,EQ,,,
2016-04-18,21.2,22.05,21.15,21.9,30746,EQ,,,
2016-04-20,21.85,23.95,21.5,23.3,302764,EQ,,,
2016-04-21,23.25,23.95,22.75,22.85,100501,EQ,,,
2016-04-22,23.3,23.6,22.6,22.65,85440,EQ,,,
2016-04-25,22.6,22.7,22.2,22.55,30135,EQ,,,
2016-04-26,22.4,23.35,22.1,23.1,38587,EQ,,,
2016-04-27,22.9,25.0,22.5,24.3,299475,EQ,,,
2016-04-28,24.5,24.55,23.5,23.7,55561,EQ,,,
2016-04-29,23.5,24.0,22.9,23.05,40053,EQ,,,
2016-05-02,22.9,23.25,22.55,22.75,28657,EQ,,,
2016-05-03,22.4,23.5,22.4,22.75,45958,EQ,,,
2016-05-04,22.5,23.2,22.25,22.5,44715,EQ,,,
2016-05-05,22.45,23.25,22.45,23.0,11520,EQ,,,
2016-05-06,22.8,23.4,22.5,22.85,14601,EQ,,,
2016-05-09,23.35,23.65,23.15,23.45,36712,EQ,,,
2016-05-10,23.65,23.7,23.1,23.5,19503,EQ,,,
2016-05-11,23.0,24.0,23.0,23.5,22411,EQ,,,
2016-05-12,23.5,23.8,23.4,23.65,24245,EQ,,,
2016-05-13,23.7,23.85,23.4,23.7,15358,EQ,,,
2016-05-16,24.05,24.5,23.8,24.2,74459,EQ,,,
2016-05-17,24.15,24.7,24.15,24.55,57621,EQ,,,
2016-05-18,24.5,25.35,24.4,25.1,72103,EQ,,,
2016-05-19,25.1,25.75,25.1,25.5,103389,EQ,,,
2016-05-20,25.35,26.2,25.25,25.75,107979,EQ,,,
2016-05-23,25.9,26.0,25.55,25.65,67786,EQ,,,
2016-05-24,25.9,26.4,25.55,25.9,68811,EQ,,,
2016-05-25,25.9,26.5,25.9,26.4,98508,EQ,,,
2016-05-26,26.4,26.75,26.2,26.45,68578,EQ,,,
2016-05-27,26.9,26.9,26.0,26.4,211864,EQ,,,
2016-05-30,26.2,26.2,24.15,24.8,121720,EQ,,,
2016-05-31,25.0,25.0,24.0,24.05,24660,EQ,,,
2016-06-01,24.25,24.25,23.75,23.9,13858,EQ,,,
2016-06-02,23.7,24.1,23.45,23.9,13771,EQ,,,
2016-06-03,24.2,24.6,24.0,24.15,18080,EQ,,,
2016-06-06,24.0,24.15,23.65,23.75,32681,EQ,,,
2016-06-07,23.75,24.25,23.3,23.7,46131,EQ,,,
2016-06-08,23.6,25.05,23.6,24.55,213318,EQ,,,
2016-06-09,24.55,25.1,24.5,24.7,50340,EQ,,,
2016-06-10,26.45,26.7,25.2,25.5,1141620,EQ,,,
2016-06-13,25.0,25.0,24.25,24.5,48310,EQ,,,
2016-06-14,25.4,27.8,24.35,25.95,878556,EQ,,,
2016-06-15,25.8,26.1,25.25,25.35,113952,EQ,,,
2016-06-16,25.3,26.6,24.55,26.0,288037,EQ,,,
2016-06-17,25.9,26.0,25.15,25.3,83813,EQ,,,
2016-06-20,25.0,25.5,24.65,25.0,74320,EQ,,,
2016-06-21,24.85,25.75,24.75,24.8,30586,EQ,,,
2016-06-22,24.7,24.95,24.5,24.55,22174,EQ,,,
2016-06-23,24.5,24.5,24.15,24.45,29693,EQ,,,
2016-06-24,23.9,24.2,23.2,23.5,90080,EQ,,,
2016-06-27,23.35,24.4,23.35,24.05,81424,EQ,,,
2016-06-28,24.05,24.85,24.05,24.65,28205,EQ,,,
2016-06-29,24.6,24.8,24.45,24.55,46103,EQ,,,
2016-06-30,25.0,25.4,24.45,25.1,87533,EQ,,,
2016-07-01,25.05,25.5,24.8,24.9,33263,EQ,,,
2016-07-04,24.75,26.25,24.75,25.7,115333,EQ,,,
2016-07-05,25.25,25.6,25.2,25.25,34664,EQ,,,
2016-07-07,25.2,25.7,24.8,25.1,129434,EQ,,,
2016-07-08,25.0,25.2,24.7,24.8,44487,EQ,,,
2016-07-11,25.05,25.5,24.95,25.0,85442,EQ,,,
2016-07-12,25.0,27.9,25.0,27.4,306743,EQ,,,
2016-07-13,27.7,27.7,26.15,26.6,110228,EQ,,,
2016-07-14,26.5,26.7,25.9,26.4,100588,EQ,,,
2016-07-15,27.0,27.0,26.25,26.55,35420,EQ,,,
2016-07-18,26.25,28.5,26.25,27.75,228850,EQ,,,
2016-07-19,28.95,28.95,26.3,27.15,403948,EQ,,,
2016-07-20,27.0,28.05,27.0,27.45,162975,EQ,,,
2016-07-21,27.65,27.8,26.55,26.6,33529,EQ,,,
2016-07-22,26.5,26.9,26.4,26.5,30072,EQ,,,
2016-07-25,26.25,29.25,26.1,28.2,1149460,EQ,,,
2016-07-26,28.8,30.9,28.3,28.7,775069,EQ,,,
2016-07-27,28.85,31.0,28.85,29.9,398737,EQ,,,
2016-07-28,30.0,33.3,28.65,31.65,1274216,EQ,,,
2016-07-29,32.0,32.0,30.65,31.3,219883,EQ,,,
2016-08-01,31.8,31.95,29.2,30.1,250499,EQ,,,
2016-08-02,30.0,30.5,28.0,28.6,184014,EQ,,,
2016-08-03,29.5,31.2,28.0,29.55,494854,EQ,,,
2016-08-04,29.05,30.85,28.5,30.15,254886,EQ,,,
2016-08-05,30.1,32.8,30.1,31.6,634941,EQ,,,
2016-08-08,32.0,32.25,30.15,30.75,186132,EQ,,,
2016-08-09,30.4,30.95,29.65,30.15,129136,EQ,,,
2016-08-10,30.25,30.45,28.25,28.55,168081,EQ,,,
2016-08-11,28.35,29.4,28.15,28.85,95447,EQ,,,
2016-08-12,29.0,29.25,28.2,28.6,35632,EQ,,,
2016-08-16,28.95,29.2,28.3,28.5,50241,EQ,,,
2016-08-17,28.5,29.65,28.25,28.8,74090,EQ,,,
2016-08-18,29.1,29.75,29.0,29.25,60706,EQ,,,
2016-08-19,29.25,31.35,28.5,31.0,662932,EQ,,,
2016-08-22,30.5,30.8,29.2,29.85,254736,EQ,,,
2016-08-23,29.7,29.9,29.1,29.35,71263,EQ,,,
2016-08-24,29.3,31.4,29.25,30.3,236675,EQ,,,
2016-08-25,30.05,30.4,29.2,29.35,116121,EQ,,,
2016-08-26,29.25,30.4,29.0,29.35,161357,EQ,,,
2016-08-29,29.35,30.6,29.25,29.65,80603,EQ,,,
2016-08-30,29.6,31.3,29.55,30.0,213175,EQ,,,
2016-08-31,30.25,30.8,29.75,29.95,133696,EQ,,,
2016-09-01,30.0,30.75,29.4,29.7,165319,EQ,,,
2016-09-02,30.0,30.25,29.55,29.75,100514,EQ,,,
2016-09-06,30.0,30.35,29.6,30.0,103818,EQ,,,
2016-09-07,30.05,30.65,29.8,30.25,85705,EQ,,,
2016-09-08,30.05,31.55,29.3,30.0,421067,EQ,,,
2016-09-09,29.65,30.45,29.65,30.0,92594,EQ,,,
2016-09-12,29.6,31.45,29.5,29.7,208340,EQ,,,
2016-09-14,29.8,30.25,29.75,30.1,40226,EQ,,,
2016-09-15,30.45,30.8,29.85,30.5,122228,EQ,,,
2016-09-16,30.5,31.0,30.0,30.1,141895,EQ,,,
2016-09-19,30.05,30.5,30.0,30.1,45475,EQ,,,
2016-09-20,30.05,36.1,30.0,35.75,5893020,EQ,,,
2016-09-21,35.9,35.9,33.2,33.45,1071292,EQ,,,
2016-09-22,34.45,35.6,33.45,33.7,1135745,EQ,,,
2016-09-23,33.9,34.3,32.4,32.65,393903,EQ,,,
2016-09-26,32.95,33.2,32.15,32.45,257829,EQ,,,
2016-09-27,31.5,37.4,31.5,34.95,2440446,EQ,,,
2016-09-28,35.0,35.7,33.85,34.7,499379,EQ,,,
2016-09-29,34.95,37.4,29.75,31.7,976258,EQ,,,
2016-09-30,31.35,35.05,31.35,33.85,871597,EQ,,,
2016-10-03,36.3,37.25,35.45,36.65,1217511,EQ,,,
2016-10-04,36.1,37.25,35.6,36.25,810064,EQ,,,
2016-10-05,38.0,39.0,37.0,38.7,2130665,EQ,,,
2016-10-06,39.25,39.3,37.5,38.75,1569469,EQ,,,
2016-10-07,39.0,39.25,37.75,38.35,1287126,EQ,,,
2016-10-10,38.5,39.15,38.05,38.85,1632146,EQ,,,
2016-10-13,38.0,38.6,36.7,38.1,1788701,EQ,,,
2016-10-14,38.55,39.55,37.7,39.2,2457741,EQ,,,
2016-10-17,39.5,39.65,38.1,38.25,1161891,EQ,,,
2016-10-18,38.6,39.6,38.5,39.3,1026277,EQ,,,
2016-10-19,39.25,41.75,38.7,41.1,6747489,EQ,,,
2016-10-20,41.45,41.9,40.35,40.9,1510606,EQ,,,
2016-10-21,40.95,41.0,40.0,40.45,695005,EQ,,,
2016-10-24,40.85,41.4,40.1,41.15,1218434,EQ,,,
2016-10-25,41.4,41.75,40.05,40.25,2144465,EQ,,,
2016-10-26,39.95,40.7,39.4,40.0,801762,EQ,,,
2016-10-27,40.15,40.3,38.5,39.5,651506,EQ,,,
2016-10-28,39.8,40.3,39.05,39.95,511207,EQ,,,
2016-10-30,40.2,40.4,39.45,39.75,253048,EQ,,,
2016-11-01,39.95,40.65,39.75,40.05,816807,EQ,,,
2016-11-02,39.6,39.7,38.35,38.6,514330,EQ,,,
2016-11-03,38.55,39.45,37.85,37.95,537639,EQ,,,
2016-11-04,39.2,39.8,36.5,37.55,968466,EQ,,,
2016-11-07,38.2,39.35,38.2,38.65,394111,EQ,,,
2016-11-08,39.0,39.75,37.4,37.75,402223,EQ,,,
2016-11-09,32.0,37.7,31.0,37.3,580936,EQ,,,
2016-11-10,39.0,39.0,37.5,38.1,316090,EQ,,,
2016-11-11,38.0,38.1,36.0,36.1,277983,EQ,,,
2016-11-15,36.1,36.1,33.0,33.05,376570,EQ,,,
2016-11-16,34.95,36.8,33.6,35.8,473197,EQ,,,
2016-11-17,36.0,36.0,33.9,34.4,127991,EQ,,,
2016-11-18,34.8,35.2,34.0,34.2,143364,EQ,,,
2016-11-21,34.35,34.5,31.85,32.25,229327,EQ,,,
2016-11-22,33.05,33.75,32.5,33.1,128455,EQ,,,
2016-11-23,33.75,35.3,33.3,35.05,113136,EQ,,,
2016-11-24,35.0,36.0,34.6,35.55,122379,EQ,,,
2016-11-25,36.0,37.3,35.35,36.55,193927,EQ,,,
2016-11-28,36.15,37.2,35.85,36.1,178293,EQ,,,
2016-11-29,36.65,37.2,35.6,36.0,121146,EQ,,,
2016-11-30,36.7,36.7,35.4,35.7,208103,EQ,,,
2016-12-01,36.0,36.05,35.0,35.05,85625,EQ,,,
2016-12-02,35.25,35.45,34.1,34.85,82774,EQ,,,
2016-12-05,35.6,38.2,35.6,36.3,356315,EQ,,,
2016-12-06,36.5,36.75,35.5,35.7,132815,EQ,,,
2016-12-07,35.8,36.3,35.0,35.3,147038,EQ,,,
2016-12-08,35.25,38.2,35.25,37.2,504871,EQ,,,
2016-12-09,37.0,38.1,36.5,36.95,129347,EQ,,,
2016-12-12,36.95,38.65,36.15,37.55,840019,EQ,,,
2016-12-13,37.75,37.8,35.2,35.75,295211,EQ,,,
2016-12-14,35.75,36.15,35.0,35.2,103530,EQ,,,
2016-12-15,35.55,35.9,34.5,34.8,123497,EQ,,,
2016-12-16,35.2,35.25,34.15,34.25,107431,EQ,,,
2016-12-19,34.4,36.5,34.1,34.55,224238,EQ,,,
2016-12-20,34.35,34.9,33.55,33.75,132477,EQ,,,
2016-12-21,33.75,34.2,33.0,33.35,126852,EQ,,,
2016-12-22,33.1,33.6,32.3,32.55,120155,EQ,,,
2016-12-23,32.6,33.4,32.15,32.4,100579,EQ,,,
2016-12-26,32.45,32.5,31.5,31.5,101695,EQ,,,
2016-12-27,31.55,32.25,31.15,31.9,94902,EQ,,,
2016-12-28,32.15,33.15,32.0,32.4,192530,EQ,,,
2016-12-29,32.05,32.65,32.05,32.35,77829,EQ,,,
2016-12-30,33.4,33.4,32.35,32.5,87775,EQ,,,
2017-01-02,33.3,34.35,32.5,34.1,146283,EQ,,,
2017-01-03,34.55,34.55,34.0,34.05,89679,EQ,,,
2017-01-04,34.2,35.65,34.05,35.2,148833,EQ,,,
2017-01-05,35.25,37.35,35.2,37.0,373177,EQ,,,
2017-01-06,37.05,37.2,35.7,35.85,174830,EQ,,,
2017-01-09,37.5,37.5,36.5,36.85,405067,EQ,,,
2017-01-10,37.2,37.35,36.6,36.75,139079,EQ,,,
2017-01-11,36.65,42.15,36.65,41.2,5891634,EQ,,,
2017-01-12,40.9,41.0,39.15,40.05,840456,EQ,,,
2017-01-13,39.8,41.1,39.0,40.25,703715,EQ,,,
2017-01-16,39.6,41.5,39.15,40.1,698335,EQ,,,
2017-01-17,40.2,40.8,38.5,39.2,336797,EQ,,,
2017-01-18,39.15,40.1,38.8,39.2,280095,EQ,,,
2017-01-19,39.1,39.9,38.7,39.05,227709,EQ,,,
2017-01-20,38.9,41.3,38.65,39.05,952251,EQ,,,
2017-01-23,39.3,40.4,38.7,40.1,395072,EQ,,,
2017-01-24,40.65,40.7,38.85,40.0,357121,EQ,,,
2017-01-25,40.1,41.2,39.5,40.4,922044,EQ,,,
2017-01-27,40.3,41.1,39.25,39.7,524063,EQ,,,
2017-01-30,38.05,38.1,35.1,35.55,1853871,EQ,,,
2017-01-31,35.95,36.8,33.15,33.65,1039708,EQ,,,
2017-02-01,34.25,36.1,34.0,35.7,544459,EQ,,,
2017-02-02,35.5,36.7,34.85,36.2,421398,EQ,,,
2017-02-03,36.6,37.8,36.0,36.35,480530,EQ,,,
2017-02-06,36.35,36.65,35.0,35.8,255458,EQ,,,
2017-02-07,36.0,36.9,35.25,36.45,426640,EQ,,,
2017-02-08,36.9,37.5,35.7,35.85,274282,EQ,,,
2017-02-09,36.4,36.4,35.45,35.7,176387,EQ,,,
2017-02-10,36.25,36.25,35.55,35.7,119493,EQ,,,
2017-02-13,35.7,36.25,34.0,34.65,248183,EQ,,,
2017-02-14,34.9,35.25,34.35,34.8,143232,EQ,,,
2017-02-15,34.75,35.45,34.55,34.8,398231,EQ,,,
2017-02-16,34.85,36.4,34.8,35.9,267300,EQ,,,
2017-02-17,36.4,37.0,35.8,36.05,353939,EQ,,,
2017-02-20,36.5,37.7,35.8,36.95,307437,EQ,,,
2017-02-21,37.3,37.55,36.5,37.0,135076,EQ,,,
2017-02-22,36.9,37.05,36.45,36.5,140750,EQ,,,
2017-02-23,36.95,37.5,36.3,37.0,128805,EQ,,,
2017-02-27,36.85,37.7,36.4,36.65,112692,EQ,,,
2017-02-28,37.0,37.25,36.45,36.8,55499,EQ,,,
2017-03-01,37.25,39.25,36.7,38.55,812706,EQ,,,
2017-03-02,38.9,38.95,36.85,37.05,332705,EQ,,,
2017-03-03,36.9,37.2,36.5,37.0,129621,EQ,,,
2017-03-06,37.05,37.25,36.75,36.85,99403,EQ,,,
2017-03-07,36.85,37.1,36.45,36.55,63893,EQ,,,
2017-03-08,36.05,37.0,36.05,36.35,65471,EQ,,,
2017-03-09,36.25,36.6,36.0,36.1,94794,EQ,,,
2017-03-10,36.7,37.3,35.95,36.2,76990,EQ,,,
2017-03-14,37.45,37.45,36.05,36.15,124759,EQ,,,
2017-03-15,36.7,36.75,35.55,35.85,121448,EQ,,,
2017-03-16,36.1,37.15,35.65,36.7,369312,EQ,,,
2017-03-17,36.75,37.15,35.8,36.1,203757,EQ,,,
2017-03-20,36.3,36.35,35.75,35.8,135075,EQ,,,
2017-03-21,35.85,36.15,35.65,35.9,87891,EQ,,,
2017-03-22,35.6,36.25,35.35,35.5,139879,EQ,,,
2017-03-23,36.0,36.0,34.8,35.3,313938,EQ,,,
2017-03-24,35.5,35.5,34.75,35.0,175133,EQ,,,
2017-03-27,35.8,35.8,34.95,35.05,203435,EQ,,,
2017-03-28,35.2,35.55,34.95,35.0,211001,EQ,,,
2017-03-29,35.05,35.55,34.95,35.3,161281,EQ,,,
2017-03-30,35.8,36.75,35.2,36.5,252916,EQ,,,
2017-03-31,36.9,37.2,36.5,36.8,154227,EQ,,,
2017-04-03,37.2,37.7,36.8,37.25,119244,EQ,,,
2017-04-05,37.5,38.9,37.05,38.45,348546,EQ,,,
2017-04-06,38.45,39.5,38.0,39.0,298994,EQ,,,
2017-04-07,38.5,39.7,38.2,38.55,409448,EQ,,,
2017-04-10,39.05,40.7,37.9,39.9,618477,EQ,,,
2017-04-11,40.45,40.45,39.0,39.2,210655,EQ,,,
2017-04-12,39.9,39.9,37.85,38.1,186419,EQ,,,
2017-04-13,38.25,39.0,37.65,38.15,185227,EQ,,,
2017-04-17,38.35,39.4,37.75,39.1,192003,EQ,,,
2017-04-18,38.8,40.45,37.75,38.05,375414,EQ,,,
2017-04-19,38.0,38.55,37.6,38.2,140660,EQ,,,
2017-04-20,39.0,39.15,37.9,38.35,207820,EQ,,,
2017-04-21,38.35,38.9,37.95,38.0,111232,EQ,,,
2017-04-24,38.1,39.5,38.05,38.2,159514,EQ,,,
2017-04-25,38.5,38.5,37.55,37.8,126193,EQ,,,
2017-04-26,38.1,38.9,37.5,37.75,276486,EQ,,,
2017-04-27,37.8,38.2,37.45,37.6,140947,EQ,,,
2017-04-28,37.9,39.2,37.35,37.65,370217,EQ,,,
2017-05-02,37.95,38.75,37.7,38.5,272461,EQ,,,
2017-05-03,38.25,39.3,37.95,38.9,234532,EQ,,,
2017-05-04,39.6,40.2,38.6,38.8,320133,EQ,,,
2017-05-05,38.8,38.85,37.25,37.65,214307,EQ,,,
2017-05-08,37.7,38.3,37.2,38.0,231690,EQ,,,
2017-05-09,38.25,38.7,37.65,37.85,99202,EQ,,,
2017-05-10,37.95,38.1,37.65,37.75,185390,EQ,,,
2017-05-11,37.75,38.4,37.5,37.75,143486,EQ,,,
2017-05-12,37.7,37.85,36.75,37.0,115934,EQ,,,
2017-05-15,36.1,37.8,36.1,37.3,173965,EQ,,,
2017-05-16,37.95,37.95,36.8,36.85,140371,EQ,,,
2017-05-17,37.0,38.45,37.0,38.05,302113,EQ,,,
2017-05-18,37.2,38.35,37.05,37.2,180584,EQ,,,
2017-05-19,37.55,38.0,35.9,36.3,192144,EQ,,,
2017-05-22,37.0,37.1,36.05,36.1,107739,EQ,,,
2017-05-23,36.3,36.3,35.1,35.3,128723,EQ,,,
2017-05-24,35.95,36.25,34.3,34.4,88575,EQ,,,
2017-05-25,34.45,35.1,34.45,34.85,107334,EQ,,,
2017-05-26,35.75,37.2,34.75,36.8,130519,EQ,,,
2017-05-29,36.25,36.8,35.0,35.4,159697,EQ,,,
2017-05-30,35.05,36.5,35.05,35.65,95008,EQ,,,
2017-05-31,35.8,36.05,35.45,36.0,68460,EQ,,,
2017-06-01,36.3,36.35,35.6,35.7,72044,EQ,,,
2017-06-02,36.2,36.2,35.0,35.3,126478,EQ,,,
2017-06-05,35.3,35.8,35.0,35.05,56772,EQ,,,
2017-06-06,35.0,35.5,34.75,35.0,117464,EQ,,,
2017-06-07,35.2,35.65,34.8,35.25,37523,EQ,,,
2017-06-08,35.7,36.0,35.5,35.6,71561,EQ,,,
2017-06-09,35.5,35.75,35.45,35.65,36035,EQ,,,
2017-06-12,35.65,36.0,35.6,35.95,55245,EQ,,,
2017-06-13,36.25,36.8,35.8,36.3,102168,EQ,,,
2017-06-14,35.9,36.2,35.7,35.8,68808,EQ,,,
2017-06-15,35.25,36.2,34.9,35.05,114428,EQ,,,
2017-06-16,35.5,35.5,34.8,35.1,55151,EQ,,,
2017-06-19,35.85,35.85,35.0,35.15,51072,EQ,,,
2017-06-20,35.65,35.65,34.9,35.0,54469,EQ,,,
2017-06-21,35.0,38.5,34.85,37.8,437209,EQ,,,
2017-06-22,38.3,40.25,37.0,38.35,1335182,EQ,,,
2017-06-23,38.5,39.8,37.95,38.25,712889,EQ,,,
2017-06-27,38.25,38.4,35.45,36.75,188299,EQ,,,
2017-06-28,36.75,37.3,35.9,36.45,107843,EQ,,,
2017-06-29,36.2,37.8,36.2,37.0,113417,EQ,,,
2017-06-30,37.0,37.1,36.3,36.75,62524,EQ,,,
2017-07-03,37.4,39.7,36.2,38.55,404735,EQ,,,
2017-07-04,38.45,38.55,36.7,36.9,180221,EQ,,,
2017-07-05,37.0,38.0,36.9,37.35,156833,EQ,,,
2017-07-06,37.7,37.75,37.05,37.35,128714,EQ,,,
2017-07-07,37.8,41.95,37.15,41.45,1901763,EQ,,,
2017-07-10,49.7,49.7,41.85,42.3,703780,EQ,,,
2017-07-11,43.0,45.0,42.75,44.2,2146314,EQ,,,
2017-07-12,44.25,45.0,42.6,42.9,1562522,EQ,,,
2017-07-13,43.3,46.4,42.35,45.45,2668394,EQ,,,
2017-07-14,45.35,47.45,43.75,47.2,2641718,EQ,,,
2017-07-17,46.55,47.35,45.7,45.9,813141,EQ,,,
2017-07-18,45.6,46.5,44.05,44.45,841671,EQ,,,
2017-07-19,44.8,47.75,44.6,47.4,1436179,EQ,,,
2017-07-20,47.5,47.6,46.2,46.5,745350,EQ,,,
2017-07-21,46.9,47.25,45.5,46.2,513374,EQ,,,
2017-07-24,46.3,48.45,45.95,47.7,1111256,EQ,,,
2017-07-25,47.8,48.3,46.45,47.0,481852,EQ,,,
2017-07-26,47.65,48.0,46.2,46.75,681858,EQ,,,
2017-07-27,47.0,47.4,44.7,45.25,466014,EQ,,,
2017-07-28,45.8,46.15,44.6,45.2,336122,EQ,,,
2017-07-31,45.2,46.3,45.0,45.9,323524,EQ,,,
2017-08-01,46.2,46.25,45.0,45.2,154510,EQ,,,
2017-08-02,45.5,45.7,44.8,45.05,238017,EQ,,,
2017-08-03,45.35,45.9,44.35,44.45,346714,EQ,,,
2017-08-04,45.15,45.15,43.8,44.1,273572,EQ,,,
2017-08-07,44.55,48.2,44.55,47.15,761613,EQ,,,
2017-08-08,47.6,47.85,45.1,45.6,438376,EQ,,,
2017-08-09,45.5,47.15,44.35,44.7,435323,EQ,,,
2017-08-10,44.05,45.5,43.0,43.55,307796,EQ,,,
2017-08-11,43.0,44.8,42.05,43.8,376022,EQ,,,
2017-08-14,44.0,45.95,44.0,45.05,154113,EQ,,,
2017-08-16,48.3,48.45,46.4,46.95,841035,EQ,,,
2017-08-17,47.1,50.75,46.7,48.85,1528236,EQ,,,
2017-08-18,50.25,53.45,50.0,52.5,2999100,EQ,,,
2017-08-21,52.95,53.25,51.0,51.35,1706111,EQ,,,
2017-08-22,52.25,52.9,49.85,51.75,775885,EQ,,,
2017-08-23,52.25,57.3,51.6,56.0,4236326,EQ,,,
2017-08-24,56.15,57.65,54.85,56.85,2118625,EQ,,,
2017-08-28,58.0,60.4,57.5,59.85,2420839,EQ,,,
2017-08-29,59.6,61.2,58.1,60.8,2224358,EQ,,,
2017-08-30,61.5,62.95,60.7,61.6,1607598,EQ,,,
2017-08-31,61.7,61.75,60.35,60.75,1009522,EQ,,,
2017-09-01,61.2,64.5,60.7,63.95,1971917,EQ,,,
2017-09-04,64.5,65.35,61.4,63.15,1782112,EQ,,,
2017-09-05,65.05,66.0,63.3,64.45,1958236,EQ,,,
2017-09-06,63.85,67.75,62.8,65.95,2022778,EQ,,,
2017-09-07,66.25,67.2,64.05,65.0,1077250,EQ,,,
2017-09-08,65.45,68.4,65.45,67.0,1737927,EQ,,,
2017-09-11,67.7,68.0,66.3,66.7,706081,EQ,,,
2017-09-12,66.95,67.65,64.8,65.15,699916,EQ,,,
2017-09-13,65.65,66.7,62.65,63.1,679803,EQ,,,
2017-09-14,63.7,65.9,62.25,65.35,847164,EQ,,,
2017-09-15,65.1,65.75,63.4,63.95,507890,EQ,,,
2017-09-18,65.4,68.9,65.25,67.4,1682752,EQ,,,
2017-09-19,68.0,71.75,66.55,70.95,2617950,EQ,,,
2017-09-20,74.0,81.8,73.55,79.55,7995732,EQ,,,
2017-09-21,80.2,80.9,73.85,76.6,3063403,EQ,,,
2017-09-22,75.9,76.3,72.0,72.3,2164338,EQ,,,
2017-09-25,72.6,72.95,63.2,66.35,1874483,EQ,,,
2017-09-26,67.95,70.2,66.7,69.1,1745755,EQ,,,
2017-09-27,69.75,71.8,65.4,66.55,1370358,EQ,,,
2017-09-28,67.0,69.2,65.3,67.8,905717,EQ,,,
2017-09-29,68.55,74.75,67.9,72.2,1652612,EQ,,,
2017-10-03,73.6,78.35,73.5,76.5,1918960,EQ,,,
2017-10-04,76.8,76.9,73.05,73.95,930234,EQ,,,
2017-10-05,74.4,81.8,74.1,80.8,4143142,EQ,,,
2017-10-06,81.0,82.4,79.1,80.7,1960867,EQ,,,
2017-10-09,81.15,83.2,79.6,80.8,1460492,EQ,,,
2017-10-10,81.05,81.65,78.5,78.85,936715,EQ,,,
2017-10-11,79.2,80.75,74.55,76.1,1195083,EQ,,,
2017-10-12,76.75,83.4,76.1,81.8,2341365,EQ,,,
2017-10-13,83.0,83.9,79.35,79.7,1549615,EQ,,,
2017-10-16,80.35,81.8,79.1,79.45,815213,EQ,,,
2017-10-17,79.75,80.45,77.75,78.6,574204,EQ,,,
2017-10-18,79.2,83.9,78.55,81.1,1300074,EQ,,,
2017-10-19,81.5,81.6,79.6,80.2,247886,EQ,,,
2017-10-23,81.0,82.15,79.35,80.65,818951,EQ,,,
2017-10-24,81.15,82.3,79.4,79.85,718417,EQ,,,
2017-10-25,80.6,81.0,78.55,79.1,550735,EQ,,,
2017-10-26,78.25,81.35,77.9,78.5,767813,EQ,,,
2017-10-27,79.1,80.5,78.5,78.7,480002,EQ,,,
2017-10-30,79.4,80.0,78.15,79.45,514068,EQ,,,
2017-10-31,79.25,82.3,79.25,80.45,837227,EQ,,,
2017-11-01,80.95,81.8,79.65,80.3,565105,EQ,,,
2017-11-02,80.75,86.4,78.75,85.15,3058091,EQ,,,
2017-11-03,85.75,87.8,83.2,84.65,2246411,EQ,,,
2017-11-06,84.45,87.4,84.0,85.3,952856,EQ,,,
2017-11-07,86.0,86.0,81.75,82.6,904209,EQ,,,
2017-11-08,83.15,86.0,81.15,82.6,886096,EQ,,,
2017-11-09,83.2,84.8,81.8,83.0,583382,EQ,,,
2017-11-10,83.45,85.5,81.9,82.6,644993,EQ,,,
2017-11-13,82.4,83.45,78.0,78.2,742541,EQ,,,
2017-11-14,77.1,79.7,76.05,76.4,543602,EQ,,,
2017-11-15,75.3,76.3,71.5,72.55,599086,EQ,,,
2017-11-16,72.65,74.05,71.2,73.25,531241,EQ,,,
2017-11-17,74.4,76.9,73.65,74.4,550828,EQ,,,
2017-11-20,74.5,78.0,74.1,76.05,933975,EQ,,,
2017-11-21,76.9,78.0,75.5,75.8,392775,EQ,,,
2017-11-22,76.45,76.65,74.1,74.75,279323,EQ,,,
2017-11-23,74.65,75.6,73.5,73.9,259079,EQ,,,
2017-11-24,73.85,75.7,73.6,73.9,264085,EQ,,,
2017-11-27,73.3,75.7,73.2,75.1,354695,EQ,,,
2017-11-28,75.3,77.75,75.05,76.75,473339,EQ,,,
2017-11-29,76.85,80.75,76.85,77.85,983978,EQ,,,
2017-11-30,77.65,81.0,77.65,79.2,706120,EQ,,,
2017-12-01,80.0,81.5,77.3,78.3,520742,EQ,,,
2017-12-04,77.7,78.65,76.0,76.15,268668,EQ,,,
2017-12-05,76.05,76.05,73.1,74.15,230405,EQ,,,
2017-12-06,74.15,74.9,73.15,73.9,271338,EQ,,,
2017-12-07,75.0,77.35,75.0,76.35,332983,EQ,,,
2017-12-08,76.7,78.3,76.5,76.85,346504,EQ,,,
2017-12-11,77.9,79.9,75.0,76.0,325241,EQ,,,
2017-12-12,76.35,76.85,74.15,74.7,183525,EQ,,,
2017-12-13,75.2,77.3,73.5,74.3,235979,EQ,,,
2017-12-14,74.7,75.1,72.55,73.55,102891,EQ,,,
2017-12-15,74.05,75.9,74.0,74.55,158917,EQ,,,
2017-12-18,74.55,75.9,70.0,74.0,228959,EQ,,,
2017-12-19,74.1,76.7,74.1,75.95,264180,EQ,,,
2017-12-20,75.7,83.2,75.7,81.55,1753500,EQ,,,
2017-12-21,82.3,86.25,80.65,81.7,1255556,EQ,,,
2017-12-22,81.5,83.4,78.05,78.45,1171430,EQ,,,
2017-12-26,78.8,82.8,78.8,80.85,678770,EQ,,,
2017-12-27,81.15,81.65,78.1,78.75,476808,EQ,,,
2017-12-28,78.95,81.0,77.95,79.65,394135,EQ,,,
2017-12-29,80.0,80.75,78.6,79.1,323295,EQ,,,
2018-01-01,81.0,84.5,81.0,81.7,1774498,EQ,,,
2018-01-02,82.3,82.65,79.5,81.0,398315,EQ,,,
2018-01-03,81.2,84.55,81.2,82.65,1207664,EQ,,,
2018-01-04,82.75,86.35,82.35,84.1,1178011,EQ,,,
2018-01-05,84.7,86.0,82.85,83.2,694784,EQ,,,
2018-01-08,83.9,86.0,83.0,84.35,1036929,EQ,,,
2018-01-09,84.85,84.9,82.3,82.85,427179,EQ,,,
2018-01-10,82.85,84.0,81.2,81.9,473436,EQ,,,
2018-01-11,84.35,85.8,83.1,83.6,1508791,EQ,,,
2018-01-12,85.5,90.7,85.15,88.5,7330546,EQ,,,
2018-01-15,89.0,90.25,86.85,87.9,1477212,EQ,,,
2018-01-16,88.3,88.3,83.55,84.05,915364,EQ,,,
2018-01-17,84.0,85.65,80.7,83.45,694897,EQ,,,
2018-01-18,84.25,85.15,79.0,79.95,923367,EQ,,,
2018-01-19,79.3,82.7,79.25,82.35,507286,EQ,,,
2018-01-22,82.7,82.85,81.0,81.8,392077,EQ,,,
2018-01-23,81.55,88.6,81.35,86.65,2262963,EQ,,,
2018-01-24,86.25,90.9,85.25,88.8,4435219,EQ,,,
2018-01-25,89.3,89.35,86.2,86.8,481258,EQ,,,
2018-01-29,87.0,88.65,85.3,86.35,437803,EQ,,,
2018-01-30,86.3,86.3,83.3,84.3,305050,EQ,,,
2018-01-31,83.5,84.6,82.1,82.6,228263,EQ,,,
2018-02-01,81.7,85.5,81.0,82.35,510399,EQ,,,
2018-02-02,79.5,80.7,72.0,73.85,931829,EQ,,,
2018-02-05,70.3,74.35,63.6,73.0,693656,EQ,,,
2018-02-06,63.65,73.5,63.65,72.1,921191,EQ,,,
2018-02-07,75.4,77.35,71.55,72.15,670368,EQ,,,
2018-02-08,73.2,75.35,72.6,74.95,742670,EQ,,,
2018-02-09,71.25,77.4,71.25,76.3,672507,EQ,,,
2018-02-12,76.9,88.9,76.9,84.6,2626152,EQ,,,
2018-02-14,86.4,86.65,83.65,84.65,1465340,EQ,,,
2018-02-15,84.65,86.4,83.5,84.45,1125266,EQ,,,
2018-02-16,85.0,88.5,84.6,87.85,1335259,EQ,,,
2018-02-19,88.7,91.1,86.1,88.0,986424,EQ,,,
2018-02-20,88.0,88.7,86.45,86.9,444446,EQ,,,
2018-02-21,87.9,87.9,86.0,86.5,259153,EQ,,,
2018-02-22,85.2,88.0,84.55,86.55,408466,EQ,,,
2018-02-23,87.5,95.0,86.5,94.0,4080579,EQ,,,
2018-02-26,94.65,99.0,94.5,96.35,4555898,EQ,,,
2018-02-27,96.7,97.9,94.0,96.25,1313422,EQ,,,
2018-02-28,94.4,99.0,93.4,97.65,1669351,EQ,,,
2018-03-01,97.2,100.4,92.2,93.05,2125744,EQ,,,
2018-03-05,91.9,91.9,85.75,86.9,1307812,EQ,,,
2018-03-06,88.65,91.35,85.1,86.1,1048953,EQ,,,
2018-03-07,85.0,86.4,80.65,81.45,929844,EQ,,,
2018-03-08,83.0,84.0,79.55,83.1,719193,EQ,,,
2018-03-09,83.6,84.4,78.0,79.0,1032509,EQ,,,
2018-03-12,80.55,82.5,79.1,81.35,578147,EQ,,,
2018-03-13,81.2,85.7,81.2,84.5,747376,EQ,,,
2018-03-14,84.5,86.5,83.7,85.95,613460,EQ,,,
2018-03-15,85.35,86.9,83.3,85.95,534887,EQ,,,
2018-03-16,85.75,86.65,83.9,84.55,361248,EQ,,,
2018-03-19,84.6,86.1,79.5,80.85,608537,EQ,,,
2018-03-20,81.45,84.2,80.5,82.2,476070,EQ,,,
2018-03-21,82.5,84.2,82.5,82.95,252309,EQ,,,
2018-03-22,83.0,84.5,78.2,79.35,476693,EQ,,,
2018-03-23,77.0,79.2,75.7,78.5,654170,EQ,,,
2018-03-26,77.45,78.3,74.55,75.8,822108,EQ,,,
2018-03-27,77.5,78.8,77.1,77.45,319655,EQ,,,
2018-03-28,76.9,76.95,74.8,75.15,315670,EQ,,,
2018-04-02,76.2,78.8,76.2,78.05,432100,EQ,,,
2018-04-03,76.65,80.1,76.5,79.15,437399,EQ,,,
2018-04-04,80.0,82.2,77.1,77.35,519895,EQ,,,
2018-04-05,79.55,80.7,79.0,80.2,320755,EQ,,,
2018-04-06,80.7,88.7,79.25,87.0,1287700,EQ,,,
2018-04-09,87.85,89.9,85.8,87.2,1058190,EQ,,,
2018-04-10,87.3,88.1,85.25,85.7,406698,EQ,,,
2018-04-11,86.4,91.25,85.05,89.5,1285484,EQ,,,
2018-04-12,89.3,89.3,87.5,88.55,513795,EQ,,,
2018-04-13,88.55,89.85,86.55,87.9,690352,EQ,,,
2018-04-16,86.5,90.9,85.6,90.3,803544,EQ,,,
2018-04-17,90.4,91.9,88.8,90.15,571021,EQ,,,
2018-04-18,90.15,93.95,90.0,91.45,1313909,EQ,,,
2018-04-19,90.7,94.4,90.3,92.8,1340922,EQ,,,
2018-04-20,91.8,92.6,88.8,90.4,470741,EQ,,,
2018-04-23,90.15,90.8,88.55,89.2,339898,EQ,,,
2018-04-24,89.2,92.3,88.2,90.95,569467,EQ,,,
2018-04-25,90.6,91.65,89.5,90.3,367961,EQ,,,
2018-04-26,90.1,91.2,88.1,88.85,602886,EQ,,,
2018-04-27,89.75,91.2,89.15,90.25,380655,EQ,,,
2018-04-30,90.2,90.55,87.45,88.1,776666,EQ,,,
2018-05-02,88.3,90.8,87.0,87.4,500974,EQ,,,
2018-05-03,86.2,88.1,86.1,86.85,271743,EQ,,,
2018-05-04,86.5,87.5,83.3,85.0,435782,EQ,,,
2018-05-07,85.5,86.85,84.5,85.25,216465,EQ,,,
2018-05-08,85.3,86.6,83.1,83.65,236492,EQ,,,
2018-05-09,83.8,86.65,83.8,84.25,331532,EQ,,,
2018-05-10,84.35,84.9,79.0,79.6,497405,EQ,,,
2018-05-11,80.6,81.2,78.4,79.9,248955,EQ,,,
2018-05-14,80.6,80.6,77.5,78.15,145288,EQ,,,
2018-05-15,78.4,81.3,76.5,76.95,355800,EQ,,,
2018-05-16,76.9,77.05,75.0,75.15,356749,EQ,,,
2018-05-17,76.8,77.3,74.1,75.0,282264,EQ,,,
2018-05-18,75.35,76.1,74.6,74.95,248491,EQ,,,
2018-05-21,74.4,74.75,70.55,71.2,260218,EQ,,,
2018-05-22,70.25,77.8,70.0,73.1,897553,EQ,,,
2018-05-23,73.65,75.7,73.25,74.45,179724,EQ,,,
2018-05-24,75.05,76.4,74.0,74.85,124599,EQ,,,
2018-05-25,75.25,78.5,75.1,78.2,312938,EQ,,,
2018-05-28,79.2,84.4,79.2,82.75,502995,EQ,,,
2018-05-29,82.0,82.0,78.45,78.8,504498,EQ,,,
2018-05-30,78.7,79.7,77.4,78.75,203189,EQ,,,
2018-05-31,79.55,79.8,75.5,76.85,166937,EQ,,,
2018-06-01,77.1,78.2,72.7,75.1,276848,EQ,,,
2018-06-04,76.35,76.35,69.6,70.0,468967,EQ,,,
2018-06-05,70.35,70.35,63.1,65.35,431194,EQ,,,
2018-06-06,64.55,69.85,63.4,67.7,629705,EQ,,,
2018-06-07,68.2,72.25,68.2,71.45,499794,EQ,,,
2018-06-08,71.35,72.65,69.65,71.25,332534,EQ,,,
2018-06-11,71.7,75.5,71.05,73.25,418915,EQ,,,
2018-06-12,73.65,75.25,73.15,74.8,232871,EQ,,,
2018-06-13,74.35,75.8,73.2,74.0,178657,EQ,,,
2018-06-14,73.3,74.25,72.25,73.15,146624,EQ,,,
2018-06-15,73.2,74.25,71.5,72.2,188450,EQ,,,
2018-06-18,71.5,72.05,69.5,70.25,139680,EQ,,,
2018-06-19,69.2,70.65,68.0,68.5,165558,EQ,,,
2018-06-20,68.6,70.75,68.15,70.2,196772,EQ,,,
2018-06-21,70.15,70.6,67.15,67.45,141961,EQ,,,
2018-06-22,67.55,67.85,66.05,67.15,110714,EQ,,,
2018-06-25,66.2,67.5,65.9,66.15,93421,EQ,,,
2018-06-26,65.25,66.15,64.8,65.4,114777,EQ,,,
2018-06-27,64.45,65.45,60.7,61.7,228433,EQ,,,
2018-06-28,60.8,62.0,57.5,60.25,173185,EQ,,,
2018-06-29,60.65,63.8,60.65,63.35,228707,EQ,,,
2018-07-02,63.8,65.35,62.0,62.5,148387,EQ,,,
2018-07-03,62.5,63.35,60.2,61.65,122392,EQ,,,
2018-07-04,61.65,63.1,60.35,62.45,109406,EQ,,,
2018-07-05,62.4,62.9,61.45,61.7,54377,EQ,,,
2018-07-06,61.95,64.0,61.75,62.5,171766,EQ,,,
2018-07-09,64.0,64.7,62.6,63.0,163841,EQ,,,
2018-07-10,63.0,64.75,62.65,62.8,396166,EQ,,,
2018-07-11,62.95,64.25,62.55,63.6,449469,EQ,,,
2018-07-12,63.6,64.2,61.75,61.9,148738,EQ,,,
2018-07-13,62.5,62.65,61.0,61.1,109042,EQ,,,
2018-07-16,61.15,61.35,58.45,58.65,175719,EQ,,,
2018-07-17,58.5,60.5,58.05,59.75,222199,EQ,,,
2018-07-18,60.4,61.0,57.3,57.55,134694,EQ,,,
2018-07-19,57.65,58.65,54.0,56.35,250955,EQ,,,
2018-07-20,57.0,58.3,56.05,56.7,135455,EQ,,,
2018-07-23,56.0,57.2,54.2,54.85,228881,EQ,,,
2018-07-24,54.65,56.95,54.6,55.65,315191,EQ,,,
2018-07-25,56.75,57.3,55.55,55.8,244819,EQ,,,
2018-07-26,56.05,56.4,55.5,55.7,91729,EQ,,,
2018-07-27,55.5,59.75,55.05,59.0,731592,EQ,,,
2018-07-30,59.3,62.3,58.45,61.3,651560,EQ,,,
2018-07-31,61.7,64.3,60.7,63.2,545554,EQ,,,
2018-08-01,63.95,65.8,62.5,63.1,253175,EQ,,,
2018-08-02,62.95,65.25,61.3,63.35,314692,EQ,,,
2018-08-03,64.8,66.7,64.0,65.55,398169,EQ,,,
2018-08-06,66.45,67.8,66.1,67.05,214828,EQ,,,
2018-08-07,67.45,67.8,64.0,65.0,223393,EQ,,,
2018-08-08,64.85,66.2,64.0,64.45,114603,EQ,,,
2018-08-09,65.45,69.2,64.65,67.6,376256,EQ,,,
2018-08-10,67.6,67.65,65.25,65.85,142405,EQ,,,
2018-08-13,65.25,67.9,63.5,66.65,581179,EQ,,,
2018-08-14,67.5,68.85,64.3,65.85,404715,EQ,,,
2018-08-16,65.4,66.65,64.5,64.7,143229,EQ,,,
2018-08-17,65.5,66.8,65.5,66.0,146922,EQ,,,
2018-08-20,66.6,67.9,65.2,67.15,277590,EQ,,,
2018-08-21,67.2,73.15,66.8,70.3,803980,EQ,,,
2018-08-23,70.7,71.95,70.1,71.1,256443,EQ,,,
2018-08-24,71.3,71.65,69.35,70.8,247569,EQ,,,
2018-08-27,71.6,74.25,71.6,72.0,214621,EQ,,,
2018-08-28,72.05,73.9,69.2,69.65,321667,EQ,,,
2018-08-29,69.65,72.75,68.8,69.8,465554,EQ,,,
2018-08-30,70.3,71.7,69.55,69.95,221488,EQ,,,
2018-08-31,70.3,70.9,69.0,69.5,151734,EQ,,,
2018-09-03,70.6,71.0,68.25,68.7,321566,EQ,,,
2018-09-04,69.0,69.65,66.0,66.45,219386,EQ,,,
2018-09-05,66.8,68.2,65.15,67.75,267529,EQ,,,
2018-09-06,69.0,69.4,67.5,68.7,165265,EQ,,,
2018-09-07,68.25,72.45,68.25,72.15,770186,EQ,,,
2018-09-10,74.7,74.7,70.15,72.1,1344303,EQ,,,
2018-09-11,72.55,72.55,69.15,69.65,252489,EQ,,,
2018-09-12,69.7,69.8,68.0,69.45,294084,EQ,,,
2018-09-14,69.85,71.45,69.7,70.15,331643,EQ,,,
2018-09-17,69.4,76.3,68.2,74.55,1116078,EQ,,,
2018-09-18,74.55,75.2,70.8,71.25,400852,EQ,,,
2018-09-19,71.65,73.7,70.1,70.9,429868,EQ,,,
2018-09-21,72.1,72.9,62.5,66.95,870061,EQ,,,
2018-09-24,65.35,67.7,62.5,63.9,318520,EQ,,,
2018-09-25,63.15,65.35,61.6,63.7,302344,EQ,,,
2018-09-26,63.85,65.85,62.55,64.3,190273,EQ,,,
2018-09-27,64.8,65.4,62.15,62.7,106462,EQ,,,
2018-09-28,62.5,63.0,55.0,56.8,450761,EQ,,,
2018-10-01,57.0,62.0,53.0,59.85,362647,EQ,,,
2018-10-03,60.35,62.7,59.65,61.25,241337,EQ,,,
2018-10-04,59.8,62.7,58.0,59.45,208709,EQ,,,
2018-10-05,59.2,60.4,57.05,58.0,124516,EQ,,,
2018-10-08,57.5,59.2,53.55,54.65,570994,EQ,,,
2018-10-09,55.05,56.0,51.2,51.5,462757,EQ,,,
2018-10-10,52.5,55.25,52.1,53.0,582604,EQ,,,
2018-10-11,48.1,53.15,48.0,52.2,299696,EQ,,,
2018-10-12,53.4,55.25,52.05,53.35,320385,EQ,,,
2018-10-15,53.9,54.6,52.55,53.05,238806,EQ,,,
2018-10-16,53.7,56.45,53.7,55.8,225343,EQ,,,
2018-10-17,56.9,60.7,55.25,59.45,1657360,EQ,,,
2018-10-19,58.85,58.85,55.7,57.55,782933,EQ,,,
2018-10-22,58.7,59.4,57.5,58.0,522403,EQ,,,
2018-10-23,56.55,59.25,56.55,58.4,293593,EQ,,,
2018-10-24,58.5,59.35,57.25,57.8,247757,EQ,,,
2018-10-25,56.5,57.25,56.0,56.8,152725,EQ,,,
2018-10-26,56.1,58.45,56.1,57.55,194750,EQ,,,
2018-10-29,57.55,60.0,57.5,59.7,167055,EQ,,,
2018-10-30,59.1,61.25,57.85,59.0,331690,EQ,,,
2018-10-31,59.45,61.2,58.05,60.3,200616,EQ,,,
2018-11-01,59.95,62.5,58.9,61.45,199552,EQ,,,
2018-11-02,61.5,65.95,61.5,63.7,331368,EQ,,,
2018-11-05,63.9,66.2,63.5,64.85,208436,EQ,,,
2018-11-06,65.45,66.3,65.1,65.8,179446,EQ,,,
2018-11-07,66.25,66.9,66.05,66.2,86835,EQ,,,
2018-11-09,66.1,68.5,65.9,67.95,302546,EQ,,,
2018-11-12,68.75,69.4,68.0,68.25,280495,EQ,,,
2018-11-13,66.55,66.6,64.0,64.3,246010,EQ,,,
2018-11-14,64.3,66.45,63.25,65.95,274549,EQ,,,
2018-11-15,67.45,68.4,66.3,66.75,558000,EQ,,,
2018-11-16,67.15,67.15,64.5,64.8,144204,EQ,,,
2018-11-19,65.5,65.5,63.15,63.95,131759,EQ,,,
2018-11-20,63.95,63.95,61.35,61.75,187737,EQ,,,
2018-11-21,61.95,62.5,60.7,61.7,114752,EQ,,,
2018-11-22,62.5,63.9,61.95,62.6,120589,EQ,,,
2018-11-26,63.2,63.2,60.6,60.9,148236,EQ,,,
2018-11-27,61.0,61.25,59.2,59.65,135306,EQ,,,
2018-11-28,59.5,60.0,57.15,57.6,145030,EQ,,,
2018-11-29,58.25,59.0,56.9,58.05,141435,EQ,,,
2018-11-30,58.3,58.8,57.4,57.6,77219,EQ,,,
2018-12-03,59.6,60.6,59.0,59.35,159273,EQ,,,
2018-12-04,59.0,59.2,58.45,58.7,74160,EQ,,,
2018-12-05,58.45,58.45,57.05,57.2,65867,EQ,,,
2018-12-06,56.45,56.9,55.0,55.5,167573,EQ,,,
2018-12-07,55.8,56.0,54.8,55.5,80179,EQ,,,
2018-12-10,54.85,54.9,53.7,54.2,51919,EQ,,,
2018-12-11,53.9,56.5,53.6,54.6,89017,EQ,,,
2018-12-12,54.8,59.3,54.8,58.6,141524,EQ,,,
2018-12-13,58.75,59.75,57.25,57.65,143569,EQ,,,
2018-12-14,57.95,58.6,57.2,57.75,54769,EQ,,,
2018-12-17,57.95,59.15,57.95,58.7,78097,EQ,,,
2018-12-18,58.5,58.85,57.9,58.45,54632,EQ,,,
2018-12-19,58.45,62.0,58.45,60.55,244084,EQ,,,
2018-12-20,59.55,60.7,57.95,58.7,140776,EQ,,,
2018-12-21,58.25,59.75,58.25,58.6,105829,EQ,,,
2018-12-24,57.55,59.2,57.45,57.6,67774,EQ,,,
2018-12-26,57.15,58.2,56.15,57.8,50786,EQ,,,
2018-12-27,58.2,58.9,57.05,57.25,46123,EQ,,,
2018-12-28,57.5,58.45,57.5,58.05,43316,EQ,,,
2018-12-31,57.9,59.2,57.9,58.8,97695,EQ,,,
2019-01-01,59.05,59.05,58.25,58.6,26841,EQ,,,
2019-01-02,58.45,58.45,57.05,57.15,61564,EQ,,,
2019-01-03,57.4,57.8,56.55,56.85,70765,EQ,,,
2019-01-04,56.8,57.5,55.9,56.8,84508,EQ,,,
2019-01-07,57.25,57.75,53.75,55.2,489918,EQ,,,
2019-01-08,56.8,56.8,54.05,54.55,577906,EQ,,,
2019-01-09,54.95,55.55,53.25,53.6,126330,EQ,,,
2019-01-10,53.5,54.4,52.8,53.25,107509,EQ,,,
2019-01-11,53.65,53.9,52.85,53.2,76753,EQ,,,
2019-01-14,52.5,53.2,52.2,52.45,163236,EQ,,,
2019-01-15,52.55,53.8,52.55,53.05,124143,EQ,,,
2019-01-16,53.25,54.35,53.25,53.75,96628,EQ,,,
2019-01-17,53.8,54.3,53.25,53.35,53595,EQ,,,
2019-01-18,53.55,53.9,53.1,53.35,54595,EQ,,,
2019-01-21,53.35,53.8,51.65,51.85,85223,EQ,,,
2019-01-22,51.9,52.35,49.15,50.05,223120,EQ,,,
2019-01-23,50.2,50.9,49.5,49.65,76836,EQ,,,
2019-01-24,50.0,50.7,47.1,47.6,275353,EQ,,,
2019-01-25,46.8,46.8,43.8,44.15,296180,EQ,,,
2019-01-28,44.0,45.75,43.95,45.15,120648,EQ,,,
2019-01-29,45.0,47.75,44.5,47.05,259220,EQ,,,
2019-01-30,47.6,48.4,46.5,46.65,166285,EQ,,,
2019-01-31,46.2,48.25,46.2,47.6,248644,EQ,,,
2019-02-01,47.35,48.05,46.5,46.7,118100,EQ,,,
2019-02-04,47.4,47.4,44.35,45.65,177312,EQ,,,
2019-02-05,45.65,46.0,44.6,44.65,53756,EQ,,,
2019-02-06,45.05,45.35,43.0,44.05,123516,EQ,,,
2019-02-07,44.05,44.85,42.2,43.4,197468,EQ,,,
2019-02-08,43.0,43.25,42.0,42.1,133184,EQ,,,
2019-02-11,42.7,42.9,40.25,41.0,150039,EQ,,,
2019-02-12,40.35,45.5,40.35,44.15,253539,EQ,,,
2019-02-13,44.5,45.4,41.75,42.0,138760,EQ,,,
2019-02-14,41.15,43.25,41.15,42.95,106736,EQ,,,
2019-02-15,42.85,42.9,41.5,42.15,61775,EQ,,,
2019-02-18,42.7,42.7,41.1,41.4,91407,EQ,,,
2019-02-19,41.15,41.95,40.9,41.1,112048,EQ,,,
2019-02-20,41.35,42.7,41.3,42.3,130960,EQ,,,
2019-02-21,42.0,43.9,41.55,43.25,113030,EQ,,,
2019-02-22,43.2,47.7,42.95,47.15,330694,EQ,,,
2019-02-25,47.25,49.0,47.05,47.4,113715,EQ,,,
2019-02-26,45.15,47.6,44.5,46.45,144116,EQ,,,
2019-02-27,46.9,47.65,45.4,45.85,133244,EQ,,,
2019-02-28,46.25,46.8,45.55,45.9,27832,EQ,,,
2019-03-01,46.75,49.7,46.55,48.4,234143,EQ,,,
2019-03-05,48.15,52.4,47.65,51.1,284161,EQ,,,
2019-03-06,51.35,52.75,50.05,50.6,245165,EQ,,,
2019-03-07,50.4,52.0,49.25,49.8,187545,EQ,,,
2019-03-08,49.65,50.4,47.6,48.25,101030,EQ,,,
2019-03-11,48.55,50.3,47.85,49.35,327422,EQ,,,
2019-03-12,49.8,50.7,48.7,49.6,189530,EQ,,,
2019-03-13,49.8,49.8,48.0,48.1,73264,EQ,,,
2019-03-14,48.6,49.15,47.7,47.95,84833,EQ,,,
2019-03-15,48.0,56.6,47.95,51.1,1622550,EQ,,,
2019-03-18,50.6,51.35,48.6,50.45,235147,EQ,,,
2019-03-19,50.5,51.9,50.0,50.25,224508,EQ,,,
2019-03-20,50.7,50.7,49.0,49.3,141375,EQ,,,
2019-03-22,49.5,50.05,48.5,49.1,134319,EQ,,,
2019-03-25,48.6,48.6,47.0,47.65,207007,EQ,,,
2019-03-26,48.0,48.25,46.25,48.05,311342,EQ,,,
2019-03-27,50.5,50.6,47.55,48.4,436854,EQ,,,
2019-03-28,49.0,49.0,48.0,48.25,91903,EQ,,,
2019-03-29,48.6,50.0,47.9,48.7,267018,EQ,,,
2019-04-01,49.1,50.0,48.5,48.7,325356,EQ,,,
2019-04-02,49.15,49.3,48.1,48.5,112526,EQ,,,
2019-04-03,48.5,50.7,47.5,47.95,425893,EQ,,,
2019-04-04,47.95,48.6,47.0,47.35,132604,EQ,,,
2019-04-05,47.8,48.4,46.1,47.4,179419,EQ,,,
2019-04-08,47.25,48.05,46.5,46.65,170024,EQ,,,
2019-04-09,46.7,46.8,45.55,45.95,168968,EQ,,,
2019-04-10,46.0,46.5,45.6,46.0,84460,EQ,,,
2019-04-11,46.05,46.45,45.6,46.15,37627,EQ,,,
2019-04-12,46.15,47.0,45.85,46.7,74221,EQ,,,
2019-04-15,47.6,47.9,46.9,47.65,154073,EQ,,,
2019-04-16,48.0,48.4,47.75,48.25,227530,EQ,,,
2019-04-18,48.8,48.8,46.75,47.0,150202,EQ,,,
2019-04-22,48.0,48.95,47.15,47.45,407042,EQ,,,
2019-04-23,47.9,48.2,47.0,47.1,87418,EQ,,,
2019-04-24,47.25,47.85,46.85,47.2,96865,EQ,,,
2019-04-25,47.5,48.0,46.95,47.05,56759,EQ,,,
2019-04-26,47.6,48.15,47.0,47.05,115694,EQ,,,
2019-04-30,47.4,47.4,46.0,46.15,77839,EQ,,,
2019-05-02,46.4,47.0,45.85,46.0,86590,EQ,,,
2019-05-03,46.35,46.35,44.55,45.0,184757,EQ,,,
2019-05-06,44.0,44.65,38.9,42.1,431693,EQ,,,
2019-05-07,43.0,43.25,42.0,42.25,61982,EQ,,,
2019-05-08,41.8,42.0,40.5,40.8,65781,EQ,,,
2019-05-09,41.0,41.4,39.75,39.95,127648,EQ,,,
2019-05-10,40.7,41.0,40.4,40.9,66225,EQ,,,
2019-05-13,40.9,40.9,39.5,39.75,75320,EQ,,,
2019-05-14,39.85,40.35,38.8,39.7,63547,EQ,,,
2019-05-15,40.1,40.25,39.45,39.5,60386,EQ,,,
2019-05-16,39.75,40.7,38.95,39.8,103221,EQ,,,
2019-05-17,39.95,40.25,39.1,39.95,58304,EQ,,,
2019-05-20,41.5,43.0,41.5,42.6,108233,EQ,,,
2019-05-21,42.6,43.0,41.75,42.0,66650,EQ,,,
2019-05-22,40.4,40.8,38.75,39.95,164164,EQ,,,
2019-05-23,40.85,41.3,38.8,39.2,138094,EQ,,,
2019-05-24,39.85,42.35,39.7,42.1,121742,EQ,,,
2019-05-27,43.65,44.3,42.3,44.0,189539,EQ,,,
2019-05-28,44.5,45.5,43.55,43.9,109741,EQ,,,
2019-05-29,44.75,45.0,42.25,42.75,132489,EQ,,,
2019-05-30,42.55,43.4,41.95,43.05,63843,EQ,,,
2019-05-31,43.05,43.25,42.0,42.4,36386,EQ,,,
2019-06-03,42.0,42.5,40.55,40.8,63295,EQ,,,
2019-06-04,40.85,41.5,39.6,39.95,88499,EQ,,,
2019-06-06,39.9,40.4,39.5,39.65,46482,EQ,,,
2019-06-07,39.55,40.25,39.05,39.65,56649,EQ,,,
2019-06-10,39.65,40.2,39.05,39.1,37373,EQ,,,
2019-06-11,39.2,39.9,39.1,39.6,30989,EQ,,,
2019-06-12,40.65,41.25,40.0,40.15,128166,EQ,,,
2019-06-13,40.2,40.45,39.0,39.5,92426,EQ,,,
2019-06-14,39.8,40.45,38.7,39.05,53346,EQ,,,
2019-06-17,38.55,39.5,37.9,38.05,58134,EQ,,,
2019-06-18,37.65,38.25,36.8,37.2,64233,EQ,,,
2019-06-19,37.2,38.15,34.75,34.95,79387,EQ,,,
2019-06-20,34.3,37.85,34.3,36.7,108748,EQ,,,
2019-06-21,37.85,37.85,35.7,36.65,51608,EQ,,,
2019-06-24,36.0,37.0,33.25,33.8,120077,EQ,,,
2019-06-25,33.65,34.35,33.1,34.0,94268,EQ,,,
2019-06-26,34.0,37.3,33.65,36.55,146815,EQ,,,
2019-06-27,36.7,37.85,36.7,37.4,55896,EQ,,,
2019-06-28,36.7,37.3,36.5,36.85,39906,EQ,,,
2019-07-01,37.0,37.7,36.5,36.55,21855,EQ,,,
2019-07-02,37.35,37.35,36.05,36.45,27658,EQ,,,
2019-07-03,35.65,37.0,35.65,36.55,36714,EQ,,,
2019-07-04,36.0,37.0,36.0,36.15,19572,EQ,,,
2019-07-05,35.25,36.25,35.15,35.3,38851,EQ,,,
2019-07-08,35.2,35.55,33.9,34.2,29719,EQ,,,
2019-07-09,34.1,34.85,33.8,34.55,35931,EQ,,,
2019-07-10,34.0,36.4,34.0,35.35,66275,EQ,,,
2019-07-11,35.15,36.1,35.0,35.05,24228,EQ,,,
2019-07-12,35.0,36.9,35.0,35.3,68742,EQ,,,
2019-07-15,35.0,35.8,34.2,34.4,23594,EQ,,,
2019-07-16,35.5,36.45,34.5,35.85,117366,EQ,,,
2019-07-17,36.45,36.45,35.2,35.65,36376,EQ,,,
2019-07-18,35.5,36.2,33.5,33.95,91556,EQ,,,
2019-07-19,33.6,34.0,32.5,32.6,55489,EQ,,,
2019-07-22,32.6,32.7,31.1,31.8,55578,EQ,,,
2019-07-23,31.15,32.9,30.9,31.2,68463,EQ,,,
2019-07-24,31.25,32.25,31.05,31.6,64287,EQ,,,
2019-07-25,30.4,32.0,30.4,31.05,54186,EQ,,,
2019-07-26,30.0,32.0,30.0,31.6,51462,EQ,,,
2019-07-29,30.8,31.95,30.1,30.8,41361,EQ,,,
2019-07-30,30.6,31.3,27.9,28.5,74686,EQ,,,
2019-07-31,27.95,28.85,27.3,28.05,66202,EQ,,,
2019-08-01,28.0,29.1,27.25,27.9,43977,EQ,,,
2019-08-02,27.5,28.0,27.1,27.75,57430,EQ,,,
2019-08-05,26.35,27.5,25.1,26.7,65404,EQ,,,
2019-08-06,25.4,27.45,25.4,26.7,48906,EQ,,,
2019-08-07,27.55,28.65,26.4,27.7,67924,EQ,,,
2019-08-08,27.5,28.5,27.1,27.5,47168,EQ,,,
2019-08-09,27.5,29.2,27.5,28.9,79760,EQ,,,
2019-08-13,28.0,28.0,25.45,26.3,62353,EQ,,,
2019-08-14,26.15,27.85,26.1,27.35,48124,EQ,,,
2019-08-16,27.0,27.9,26.3,27.35,88334,EQ,,,
2019-08-19,26.75,28.5,26.75,27.55,38100,EQ,,,
2019-08-20,27.3,28.25,27.0,27.1,63839,EQ,,,
2019-08-21,28.15,28.15,24.2,25.25,110259,EQ,,,
2019-08-22,24.95,25.2,23.6,23.95,84389,EQ,,,
2019-08-23,23.7,24.5,22.6,24.0,78084,EQ,,,
2019-08-26,25.8,25.8,24.0,24.85,77664,EQ,,,
2019-08-27,24.5,26.35,24.2,25.95,63071,EQ,,,
2019-08-28,25.95,27.0,25.95,26.3,62118,EQ,,,
2019-08-29,25.95,26.6,25.55,25.7,41935,EQ,,,
2019-08-30,25.75,26.4,25.45,26.25,30687,EQ,,,
2019-09-03,26.5,26.5,24.75,25.8,49844,EQ,,,
2019-09-04,26.45,26.45,25.0,25.7,130254,EQ,,,
2019-09-05,26.15,26.55,25.45,25.6,36183,EQ,,,
2019-09-06,25.5,27.25,25.0,26.6,50977,EQ,,,
2019-09-09,26.35,27.25,25.7,26.9,113334,EQ,,,
2019-09-11,26.6,32.25,26.35,32.25,481719,EQ,,,
2019-09-12,33.15,33.15,29.9,30.35,206104,EQ,,,
2019-09-13,30.35,30.4,28.95,30.05,100748,EQ,,,
2019-09-16,30.5,30.5,28.7,30.3,52635,EQ,,,
2019-09-17,30.5,32.75,30.15,31.25,162539,EQ,,,
2019-09-18,31.0,31.7,30.55,30.6,28498,EQ,,,
2019-09-19,31.4,31.4,29.05,29.3,55653,EQ,,,
2019-09-20,29.5,32.0,28.7,30.7,123181,EQ,,,
2019-09-23,31.15,32.9,31.15,31.85,89942,EQ,,,
2019-09-24,31.9,32.25,31.05,31.55,33575,EQ,,,
2019-09-25,31.5,32.0,30.5,30.65,66366,EQ,,,
2019-09-26,31.0,31.8,30.5,30.95,89876,EQ,,,
2019-09-27,30.8,31.5,29.4,29.65,113818,EQ,,,
2019-09-30,29.7,30.0,27.5,28.5,142251,EQ,796.0,178.71,29427.0
2019-10-01,28.05,29.0,27.55,28.0,128118,EQ,1201.0,106.68,46697.0
2019-10-03,28.2,28.45,27.15,27.5,83060,EQ,1048.0,79.26,30283.0
2019-10-04,27.5,28.5,27.3,27.5,60188,EQ,1208.0,49.82,22854.0
2019-10-07,27.3,28.25,25.55,26.1,132545,EQ,1597.0,83.0,80782.0
2019-10-09,26.0,26.9,26.0,26.3,67997,EQ,867.0,78.43,47965.0
2019-10-10,26.4,26.4,25.1,25.25,57188,EQ,877.0,65.21,38745.0
2019-10-11,25.35,26.65,25.35,26.0,61947,EQ,548.0,113.04,34035.0
2019-10-14,26.3,26.4,25.6,25.7,77546,EQ,642.0,120.79,57041.0
2019-10-15,25.55,26.35,24.75,25.3,147714,EQ,1049.0,140.81,87886.0
2019-10-16,25.55,25.75,24.8,25.15,98158,EQ,521.0,188.4,84117.0
2019-10-17,25.2,25.7,24.55,24.85,88344,EQ,539.0,163.9,64814.0
2019-10-18,25.2,25.85,24.75,25.3,148296,EQ,627.0,236.52,117456.0
2019-10-22,25.1,26.3,24.75,25.05,159032,EQ,737.0,215.78,126758.0
2019-10-23,25.05,25.3,24.4,24.95,123443,EQ,469.0,263.2,106095.0
2019-10-24,25.05,25.45,24.4,24.5,93698,EQ,645.0,145.27,81884.0
2019-10-25,24.55,25.0,24.15,24.5,234511,EQ,299.0,784.32,219702.0
2019-10-29,24.4,26.9,24.25,24.95,193856,EQ,1125.0,172.32,128722.0
2019-10-30,25.0,25.7,24.7,24.85,122307,EQ,588.0,208.01,102391.0
2019-10-31,25.0,26.35,25.0,25.15,110825,EQ,620.0,178.75,70886.0
2019-11-01,25.45,28.5,25.4,27.6,396591,EQ,1972.0,201.11,195792.0
2019-11-04,27.65,29.8,27.65,28.8,308967,EQ,1612.0,191.67,190931.0
2019-11-05,29.4,29.4,27.35,27.65,138523,EQ,1274.0,108.73,75646.0
2019-11-06,27.6,28.05,27.1,27.25,83620,EQ,588.0,142.21,50496.0
2019-11-07,27.0,28.65,27.0,27.95,167656,EQ,1368.0,122.56,103462.0
2019-11-08,28.4,28.4,27.5,27.85,89101,EQ,518.0,172.01,63672.0
2019-11-11,27.55,28.25,27.55,27.85,38229,EQ,508.0,75.25,19037.0
2019-11-13,30.0,30.35,28.5,28.8,383702,EQ,2255.0,170.16,161150.0
2019-11-14,28.5,29.1,27.55,27.95,175874,EQ,923.0,190.55,119681.0
2019-11-15,28.05,30.6,27.75,29.85,297682,EQ,1196.0,248.9,186961.0
2019-11-18,31.0,33.7,30.0,33.05,2161365,EQ,3414.0,633.09,1157610.0
2019-11-19,33.45,33.7,31.5,31.65,207695,EQ,1416.0,146.68,118327.0
2019-11-20,31.95,35.0,31.6,32.95,762236,EQ,4244.0,179.6,186227.0
2019-11-21,33.15,33.9,31.5,32.6,207755,EQ,1127.0,184.34,91533.0
2019-11-22,32.0,32.4,30.85,31.9,171917,EQ,1997.0,86.09,78925.0
2019-11-25,32.2,34.5,32.0,32.35,356652,EQ,2045.0,174.4,170048.0
2019-11-26,32.5,32.8,30.25,30.65,226885,EQ,1626.0,139.54,129589.0
2019-11-27,31.25,31.55,30.25,30.65,152374,EQ,1182.0,128.91,88043.0
2019-11-28,30.7,32.45,30.65,32.2,149788,EQ,1276.0,117.39,86374.0
2019-11-29,32.0,32.45,31.0,31.35,96873,EQ,671.0,144.37,46982.0
2019-12-02,31.8,31.8,29.95,30.65,112139,EQ,815.0,137.59,62669.0
2019-12-03,31.0,31.25,29.55,30.6,117851,EQ,766.0,153.85,75885.0
2019-12-04,29.95,30.6,29.2,30.3,110411,EQ,742.0,148.8,58028.0
2019-12-05,30.3,30.95,29.0,29.5,60768,EQ,621.0,97.86,34613.0
2019-12-06,29.6,30.0,29.05,29.25,36096,EQ,343.0,105.24,20120.0
2019-12-09,29.3,30.0,29.2,29.55,42753,EQ,270.0,158.34,25279.0
2019-12-10,29.9,29.9,28.05,28.2,68527,EQ,763.0,89.81,49284.0
2019-12-11,28.2,28.25,27.1,27.45,60545,EQ,407.0,148.76,42385.0
2019-12-12,27.3,28.8,27.1,28.55,80169,EQ,609.0,131.64,47796.0
2019-12-13,28.8,29.75,28.7,29.05,86160,EQ,627.0,137.42,54505.0
2019-12-16,28.6,29.95,28.6,28.85,30822,EQ,277.0,111.27,25838.0
2019-12-17,28.85,30.3,28.4,29.6,153932,EQ,971.0,158.53,74307.0
2019-12-18,29.85,30.45,29.25,29.7,83368,EQ,662.0,125.93,34725.0
2019-12-19,29.8,29.8,28.7,28.9,78642,EQ,643.0,122.3,52355.0
2019-12-20,28.6,30.6,28.6,29.35,158166,EQ,1047.0,151.07,63800.0
2019-12-23,29.35,29.9,28.85,29.3,57365,EQ,377.0,152.16,33827.0
2019-12-24,28.8,29.7,28.8,29.05,50729,EQ,432.0,117.43,23614.0
2019-12-26,29.45,31.45,28.7,30.6,204595,EQ,1498.0,136.58,132334.0
2019-12-27,30.6,33.2,30.6,32.8,258600,EQ,1652.0,156.54,187774.0
2019-12-30,33.0,34.0,31.6,33.75,228166,EQ,1770.0,128.91,114998.0
2019-12-31,35.9,40.5,34.75,37.8,5327186,EQ,21215.0,251.1,907042.0
2020-01-01,38.3,39.45,36.8,37.35,757471,EQ,4664.0,162.41,265337.0
2020-01-02,37.95,40.4,37.6,38.9,785663,EQ,5496.0,142.95,311668.0
2020-01-03,38.9,38.9,37.1,37.75,322086,EQ,1761.0,182.9,197866.0
2020-01-06,35.45,36.8,35.4,35.55,179945,EQ,1338.0,134.49,123432.0
2020-01-07,37.2,37.4,35.7,36.1,94541,EQ,756.0,125.05,51638.0
2020-01-08,35.6,37.35,35.0,36.7,195730,EQ,1256.0,155.84,108993.0
2020-01-09,37.65,40.1,37.4,38.95,424133,EQ,2316.0,183.13,283515.0
2020-01-10,40.0,40.9,38.25,38.85,382459,EQ,2132.0,179.39,171883.0
2020-01-13,39.7,41.9,38.1,41.6,646551,EQ,3266.0,197.96,356694.0
2020-01-14,44.5,48.6,43.7,44.6,2419192,EQ,11819.0,204.69,820132.0
2020-01-15,44.15,44.9,42.35,44.05,341408,EQ,5172.0,66.01,150228.0
2020-01-16,45.4,45.4,42.15,42.7,265278,EQ,3714.0,71.43,136168.0
2020-01-17,42.15,45.5,42.15,44.85,462349,EQ,2599.0,177.89,251076.0
2020-01-20,47.85,48.0,44.65,44.9,1197011,EQ,8551.0,139.98,485930.0
2020-01-21,44.3,45.45,44.0,44.25,206663,EQ,2763.0,74.8,93671.0
2020-01-22,44.7,44.9,42.15,42.6,289313,EQ,3875.0,74.66,159842.0
2020-01-23,42.6,43.4,41.75,42.3,180034,EQ,2027.0,88.82,81836.0
2020-01-24,42.65,43.5,42.4,42.55,140309,EQ,2298.0,61.06,81315.0
2020-01-27,42.4,42.65,40.8,41.05,133039,EQ,1912.0,69.58,83888.0
2020-01-28,41.0,41.25,39.05,39.35,236015,EQ,1590.0,148.44,123808.0
2020-01-29,40.7,41.2,39.55,40.1,202160,EQ,1071.0,188.76,120045.0
2020-01-30,40.15,40.2,39.35,39.8,87076,EQ,682.0,127.68,54323.0
2020-01-31,39.95,40.15,38.3,38.65,105771,EQ,1057.0,100.07,64683.0
2020-02-03,36.0,37.5,35.95,36.85,137421,EQ,898.0,153.03,86739.0
2020-02-04,37.5,38.4,36.7,37.45,108975,EQ,1062.0,102.61,57364.0
2020-02-05,37.45,40.25,37.0,39.75,235171,EQ,1623.0,144.9,121214.0
2020-02-06,40.2,40.9,39.1,39.5,168876,EQ,1219.0,138.54,86071.0
2020-02-07,39.3,39.9,38.75,39.0,72053,EQ,764.0,94.31,39600.0
2020-02-10,39.0,39.0,37.1,37.25,63085,EQ,771.0,81.82,46130.0
2020-02-11,37.75,39.25,37.4,38.9,157739,EQ,1332.0,118.42,88695.0
2020-02-12,42.7,44.0,39.35,39.85,882850,EQ,5673.0,155.62,280886.0
2020-02-13,39.85,40.2,38.45,39.25,122895,EQ,1427.0,86.12,61179.0
2020-02-14,39.05,40.1,37.6,37.9,162916,EQ,1907.0,85.43,96497.0
2020-02-17,38.0,38.25,36.5,36.65,121519,EQ,1017.0,119.49,76964.0
2020-02-18,36.1,37.0,35.1,36.35,105502,EQ,766.0,137.73,66167.0
2020-02-19,36.05,38.5,36.05,37.9,170792,EQ,1149.0,148.64,98879.0
2020-02-20,38.0,38.6,37.5,37.7,105999,EQ,628.0,168.79,62359.0
2020-02-24,37.5,40.5,37.45,38.95,1175050,EQ,1421.0,826.92,1089119.0
2020-02-25,39.85,39.85,37.0,37.8,111164,EQ,743.0,149.62,60358.0
2020-02-26,37.05,37.5,36.25,36.45,122924,EQ,696.0,176.61,88909.0
2020-02-27,36.45,37.25,34.8,37.15,131034,EQ,991.0,132.22,81673.0
2020-02-28,36.0,36.85,35.0,35.5,146528,EQ,1000.0,146.53,99302.0
2020-03-02,36.5,37.5,33.25,35.9,169938,EQ,1029.0,165.15,124175.0
2020-03-03,34.85,36.4,34.4,35.95,89359,EQ,766.0,116.66,62422.0
2020-03-04,35.8,35.8,34.2,34.8,116651,EQ,722.0,161.57,81146.0
2020-03-05,35.7,35.7,34.5,35.25,134267,EQ,944.0,142.23,99552.0
2020-03-06,34.0,35.5,33.0,33.9,221248,EQ,1174.0,188.46,154254.0
2020-03-09,33.0,33.35,31.45,32.55,137624,EQ,886.0,155.33,100215.0
2020-03-11,32.6,34.15,32.2,33.45,199828,EQ,866.0,230.75,152186.0
2020-03-12,30.55,30.8,29.3,29.65,196044,EQ,1291.0,151.85,145780.0
2020-03-13,25.6,31.05,23.8,30.3,196604,EQ,1481.0,132.75,111134.0
2020-03-16,29.9,30.7,28.0,30.3,180782,EQ,1047.0,172.67,137232.0
2020-03-17,29.8,31.05,29.8,30.65,191257,EQ,947.0,201.96,141087.0
2020-03-18,31.1,31.25,26.75,27.15,123996,EQ,1204.0,102.99,84411.0
2020-03-19,27.15,27.15,25.0,26.3,122371,EQ,2458.0,49.78,65792.0
2020-03-20,25.5,27.3,25.5,26.85,108706,EQ,2384.0,45.6,56479.0
2020-03-23,25.4,29.7,21.5,22.35,115383,EQ,1244.0,92.75,80586.0
2020-03-24,23.05,24.8,20.05,23.05,83680,EQ,2126.0,39.36,50841.0
2020-03-25,23.0,24.0,21.8,22.85,63209,EQ,1936.0,32.65,33611.0
2020-03-26,23.5,24.1,23.0,23.7,66406,EQ,2073.0,32.03,36928.0
2020-03-27,24.3,25.0,23.0,23.6,58494,EQ,491.0,119.13,41848.0
2020-03-30,23.4,24.4,22.0,22.65,76810,EQ,524.0,146.58,39472.0
2020-03-31,22.85,24.5,22.6,24.2,95403,EQ,740.0,128.92,46943.0
2020-04-01,24.7,24.7,22.85,23.2,42400,EQ,469.0,90.41,26114.0
2020-04-03,23.8,23.85,22.5,23.55,15653,EQ,263.0,59.52,7695.0
2020-04-07,24.95,25.95,22.85,25.1,274503,EQ,1850.0,148.38,111003.0
2020-04-08,24.3,27.5,23.85,25.1,206890,EQ,1802.0,114.81,67189.0
2020-04-09,26.75,27.0,24.85,25.25,180725,EQ,1125.0,160.64,96530.0
2020-04-13,25.1,25.95,24.5,25.0,55233,EQ,,,
2020-04-15,25.5,27.2,25.15,26.05,176961,EQ,1431.0,123.66,62356.0
2020-04-16,25.65,26.9,25.65,26.65,65534,EQ,688.0,95.25,29887.0
2020-04-17,27.5,29.3,25.55,28.35,301508,EQ,1811.0,166.49,123404.0
2020-04-20,29.0,30.3,28.05,28.35,209592,EQ,1522.0,137.71,107357.0
2020-04-21,27.0,27.9,26.4,27.35,80183,EQ,644.0,124.51,43777.0
2020-04-22,26.8,28.15,26.5,26.85,54227,EQ,591.0,91.75,24604.0
2020-04-23,27.3,27.95,27.1,27.3,39102,EQ,391.0,100.01,17915.0
2020-04-24,27.05,27.2,26.1,26.25,62421,EQ,461.0,135.4,37395.0
2020-04-27,26.3,27.3,26.25,26.85,60177,EQ,456.0,131.97,37481.0
2020-04-28,28.4,28.4,26.45,26.6,55810,EQ,365.0,152.9,35304.0
2020-04-29,26.75,27.4,26.7,26.95,107186,EQ,632.0,169.6,49840.0
2020-04-30,28.9,29.4,28.0,28.45,407264,EQ,2424.0,168.01,162515.0
2020-05-04,26.55,27.95,26.5,26.7,112034,EQ,716.0,156.47,43023.0
2020-05-05,27.0,27.35,25.95,26.05,88648,EQ,2129.0,41.64,39989.0
2020-05-06,26.15,27.4,25.4,26.6,80171,EQ,574.0,139.67,45868.0
2020-05-07,26.8,27.4,26.3,27.0,71558,EQ,556.0,128.7,33153.0
2020-05-08,27.45,27.45,26.25,26.5,29500,EQ,306.0,96.41,19009.0
2020-05-11,27.0,31.4,27.0,29.3,1076425,EQ,6173.0,174.38,271973.0
2020-05-12,29.55,30.7,27.7,28.3,527660,EQ,3481.0,151.58,151935.0
2020-05-13,29.2,29.75,28.25,28.65,187798,EQ,1223.0,153.56,85866.0
2020-05-14,28.5,28.5,27.55,28.2,61619,EQ,501.0,122.99,25694.0
2020-05-15,27.85,29.9,27.8,28.45,371486,EQ,1663.0,223.38,123624.0
2020-05-18,28.25,28.3,26.4,26.75,112337,EQ,1022.0,109.92,54001.0
2020-05-19,26.9,28.2,26.0,27.2,107264,EQ,951.0,112.79,45629.0
2020-05-20,27.5,28.1,26.75,27.3,55709,EQ,477.0,116.79,28760.0
2020-05-21,27.2,27.75,26.95,27.2,49989,EQ,309.0,161.78,24259.0
2020-05-22,27.15,27.5,26.75,27.15,47971,EQ,318.0,150.85,29657.0
2020-05-26,27.15,31.3,26.95,30.35,1631314,EQ,6527.0,249.93,281529.0
2020-05-27,29.8,30.6,29.15,29.6,280512,EQ,1824.0,153.79,109466.0
2020-05-28,29.8,30.0,28.6,28.8,129204,EQ,812.0,159.12,82698.0
2020-05-29,28.9,29.65,28.5,29.0,122803,EQ,758.0,162.01,61388.0
2020-06-01,28.95,30.3,28.95,29.65,237159,EQ,1180.0,200.98,123542.0
2020-06-02,29.9,30.85,29.75,30.25,229721,EQ,1206.0,190.48,124480.0
2020-06-03,30.6,31.75,30.0,30.3,336618,EQ,1834.0,183.54,180608.0
2020-06-04,30.4,33.9,29.85,32.6,754189,EQ,2891.0,260.87,303123.0
2020-06-05,34.0,39.1,33.8,39.1,2797099,EQ,7387.0,378.65,848472.0
2020-06-08,43.0,43.85,37.1,37.8,1343425,EQ,7997.0,167.99,677194.0
2020-06-09,38.0,38.05,34.25,36.2,624991,EQ,2916.0,214.33,343021.0
2020-06-10,36.8,36.8,35.05,36.45,175098,EQ,1163.0,150.56,105860.0
2020-06-11,36.8,37.45,35.25,35.65,142462,EQ,894.0,159.35,86552.0
2020-06-12,33.55,37.4,33.55,36.65,196630,EQ,1083.0,181.56,111306.0
2020-06-15,36.65,37.5,35.3,36.5,111768,EQ,690.0,161.98,71990.0
2020-06-16,36.65,38.1,34.2,35.6,268803,EQ,1544.0,174.1,125948.0
2020-06-17,35.95,36.75,34.55,35.55,89029,EQ,974.0,91.41,35608.0
2020-06-18,35.0,39.4,34.9,38.65,656450,EQ,3470.0,189.18,329529.0
2020-06-19,39.0,39.05,35.8,36.35,583404,EQ,2842.0,205.28,339212.0
2020-06-22,36.45,39.7,36.25,38.85,695062,EQ,3366.0,206.49,273614.0
2020-06-23,38.6,43.4,37.5,42.65,1524024,EQ,6610.0,230.56,728110.0
2020-06-24,43.2,43.3,39.5,39.85,1593015,EQ,8788.0,181.27,835993.0
2020-06-25,39.0,39.7,38.6,39.2,188214,EQ,1756.0,107.18,86031.0
2020-06-26,39.45,40.5,38.15,38.35,325612,EQ,1886.0,172.65,145967.0
2020-06-29,39.8,40.0,38.05,38.6,274630,EQ,1809.0,151.81,146938.0
2020-06-30,38.85,39.45,36.9,37.2,245120,EQ,1510.0,162.33,139379.0
2020-07-01,37.2,38.35,36.55,37.5,126801,EQ,833.0,152.22,68386.0
2020-07-02,37.4,40.35,37.3,39.35,719427,EQ,3747.0,192.0,236282.0
2020-07-03,39.5,39.75,38.1,38.5,163919,EQ,1262.0,129.89,89113.0
2020-07-06,38.7,40.25,38.4,39.15,489813,EQ,2577.0,190.07,157575.0
2020-07-07,39.25,39.8,38.3,38.6,167540,EQ,1030.0,162.66,75032.0
2020-07-08,38.65,41.15,38.65,39.3,887060,EQ,4685.0,189.34,263643.0
2020-07-09,39.5,43.9,39.1,42.3,1348503,EQ,5110.0,263.89,666426.0
2020-07-10,41.7,42.8,40.2,40.8,810204,EQ,5081.0,159.46,364452.0
2020-07-13,42.1,42.5,40.9,41.5,1374352,EQ,7414.0,185.37,576599.0
2020-07-14,41.0,41.15,39.1,39.3,293286,EQ,2204.0,133.07,159511.0
2020-07-15,39.7,40.8,38.65,38.95,233754,EQ,1175.0,198.94,94520.0
2020-07-16,38.95,39.45,37.2,38.8,377779,EQ,1681.0,224.73,152727.0
2020-07-17,39.1,40.7,39.1,39.75,399465,EQ,1956.0,204.23,154873.0
2020-07-20,39.5,39.8,38.85,39.0,180102,EQ,908.0,198.35,101448.0
2020-07-21,38.4,39.95,38.0,39.4,291959,EQ,1296.0,225.28,108424.0
2020-07-22,39.7,40.25,38.6,39.1,394122,EQ,1846.0,213.5,155695.0
2020-07-23,39.15,39.75,38.8,39.05,149570,EQ,813.0,183.97,76475.0
2020-07-24,38.8,39.3,38.05,38.35,161541,EQ,868.0,186.11,106952.0
2020-07-27,38.35,38.8,36.6,36.8,224778,EQ,1151.0,195.29,128769.0
2020-07-28,36.8,42.4,36.55,41.25,5069651,EQ,19359.0,261.88,832306.0
2020-07-29,41.0,41.85,39.7,40.4,743639,EQ,3627.0,205.03,288992.0
2020-07-30,40.85,41.3,38.2,38.4,403349,EQ,2150.0,187.6,230069.0
2020-07-31,38.7,39.7,38.0,38.15,306664,EQ,1568.0,195.58,122990.0
2020-08-03,38.05,39.65,37.95,38.55,202511,EQ,999.0,202.71,103356.0
2020-08-04,38.6,39.95,38.6,39.45,277985,EQ,1451.0,191.58,132846.0
2020-08-05,39.8,42.4,39.75,40.7,739168,EQ,3725.0,198.43,243214.0
2020-08-06,41.4,42.4,40.35,41.05,623715,EQ,3405.0,183.18,261315.0
2020-08-07,41.05,45.25,40.6,44.25,2767203,EQ,12607.0,219.5,1067011.0
2020-08-10,44.6,48.15,43.4,46.6,2060405,EQ,10509.0,196.06,1007868.0
2020-08-11,46.95,47.9,45.9,46.6,662332,EQ,3881.0,170.66,368850.0
2020-08-12,46.45,46.45,44.6,45.95,499408,EQ,2192.0,227.83,279066.0
2020-08-13,46.35,47.9,45.25,45.8,274178,EQ,2869.0,95.57,153596.0
2020-08-14,45.0,45.2,39.2,41.2,1240313,EQ,5905.0,210.04,612867.0
2020-08-17,41.6,42.75,40.85,41.85,475909,EQ,2391.0,199.04,214248.0
2020-08-18,42.0,44.8,41.9,42.4,525417,EQ,2390.0,219.84,227283.0
2020-08-19,42.85,49.6,42.3,48.25,6465134,EQ,21352.0,302.79,1532901.0
2020-08-20,49.5,50.85,47.65,48.9,1787401,EQ,8200.0,217.98,761633.0
2020-08-21,49.45,49.65,46.9,47.4,629982,EQ,3709.0,169.85,356067.0
2020-08-24,47.8,49.35,47.4,47.55,580180,EQ,4468.0,129.85,286932.0
2020-08-25,48.0,48.0,45.75,47.0,493310,EQ,2477.0,199.16,297440.0
2020-08-26,47.35,48.2,46.25,46.8,386386,EQ,2090.0,184.87,172462.0
2020-08-27,47.0,47.3,45.65,46.0,295509,EQ,1835.0,161.04,177349.0
2020-08-28,46.55,47.65,46.15,46.25,380055,EQ,2019.0,188.24,224529.0
2020-08-31,46.55,46.7,42.25,43.45,472849,EQ,3018.0,156.68,289213.0
2020-09-01,43.75,45.2,42.7,44.65,277818,EQ,1339.0,207.48,179287.0
2020-09-02,45.05,45.9,44.8,45.55,223398,EQ,1434.0,155.79,117743.0
2020-09-03,45.9,46.2,44.6,45.1,175327,EQ,1219.0,143.83,98220.0
2020-09-04,44.1,45.4,43.55,44.5,147777,EQ,1058.0,139.68,78526.0
2020-09-07,44.85,44.85,42.55,43.1,180834,EQ,1224.0,147.74,97381.0
2020-09-08,43.15,43.5,41.5,42.0,206050,EQ,1325.0,155.51,121289.0
2020-09-09,41.2,41.6,40.05,41.3,174730,EQ,1286.0,135.87,87023.0
2020-09-10,42.0,47.8,41.8,46.75,3844925,EQ,16271.0,236.31,675870.0
2020-09-11,46.2,46.75,45.05,46.0,482821,EQ,2932.0,164.67,205154.0
2020-09-14,46.0,46.7,45.0,45.95,321072,EQ,1984.0,161.83,161803.0
2020-09-15,46.0,46.4,45.05,45.2,174006,EQ,1189.0,146.35,99072.0
2020-09-16,45.6,45.85,44.65,45.25,153539,EQ,1000.0,153.54,81793.0
2020-09-17,45.6,46.55,44.6,44.95,169299,EQ,1133.0,149.43,83208.0
2020-09-18,44.5,45.8,44.2,44.5,132749,EQ,945.0,140.48,72335.0
2020-09-21,44.5,45.6,42.0,42.2,232653,EQ,1517.0,153.36,141984.0
2020-09-22,42.2,42.95,39.1,41.15,347217,EQ,3087.0,112.48,148676.0
2020-09-23,41.9,42.6,40.3,41.25,162553,EQ,1240.0,131.09,64393.0
2020-09-24,39.95,40.95,39.5,39.75,191752,EQ,1565.0,122.53,76564.0
2020-09-25,40.5,41.9,40.15,41.45,227570,EQ,1585.0,143.58,103158.0
2020-09-28,41.45,43.4,41.45,42.8,126299,EQ,,,
2020-09-29,43.05,44.25,42.4,43.25,197023,EQ,1455.0,135.41,80385.0
2020-09-30,43.35,43.35,41.9,42.1,92960,EQ,797.0,116.64,45985.0
2020-10-01,41.95,43.3,41.95,42.5,108827,EQ,648.0,167.94,53121.0
2020-10-05,42.55,43.5,42.55,43.2,160310,EQ,920.0,174.25,77606.0
2020-10-06,43.7,48.45,43.25,45.65,2198530,EQ,9906.0,221.94,358569.0
2020-10-07,44.7,46.35,44.25,44.55,249783,EQ,1698.0,147.1,95400.0
2020-10-08,45.4,45.4,43.4,43.85,144493,EQ,1003.0,144.06,70332.0
2020-10-09,44.7,47.9,43.7,44.2,288323,EQ,1724.0,167.24,89223.0
2020-10-12,44.6,44.9,42.75,42.95,140879,EQ,1170.0,120.41,69659.0
2020-10-13,43.2,43.6,42.2,42.65,126314,EQ,831.0,152.0,63327.0
2020-10-14,43.2,45.3,42.55,44.0,559789,EQ,3102.0,180.46,141528.0
2020-10-15,44.75,45.25,42.95,43.4,370930,EQ,2233.0,166.11,151223.0
2020-10-16,43.7,44.7,43.2,44.5,252679,EQ,1672.0,151.12,97633.0
2020-10-19,45.3,45.85,44.45,45.55,322284,EQ,1701.0,189.47,159966.0
2020-10-20,45.45,46.5,44.6,44.9,312403,EQ,1658.0,188.42,140213.0
2020-10-21,45.15,48.45,45.0,47.1,1891916,EQ,9377.0,201.76,470043.0
2020-10-22,46.3,47.35,46.0,46.85,206304,EQ,1528.0,135.02,80432.0
2020-10-23,46.65,47.15,46.1,46.4,243148,EQ,1348.0,180.38,104302.0
2020-10-26,47.3,47.3,43.55,44.55,250446,EQ,1684.0,148.72,131937.0
2020-10-27,44.9,45.0,43.7,44.05,126422,EQ,893.0,141.57,63027.0
2020-10-28,43.9,44.7,42.7,43.05,175114,EQ,1252.0,139.87,90309.0
2020-10-29,43.15,44.0,42.6,43.3,92222,EQ,660.0,139.73,29934.0
2020-10-30,43.0,44.55,43.0,43.95,195362,EQ,1013.0,192.85,97413.0
2020-11-02,43.4,44.25,42.6,42.9,141626,EQ,763.0,185.62,73730.0
2020-11-03,43.7,44.2,43.2,43.55,141889,EQ,824.0,172.2,57494.0
2020-11-04,43.95,44.1,43.0,43.3,108756,EQ,810.0,134.27,49515.0
2020-11-05,44.45,47.2,43.25,46.05,486603,EQ,2208.0,220.38,250456.0
2020-11-06,47.3,47.8,46.3,47.15,1396001,EQ,5857.0,238.35,419847.0
2020-11-09,47.2,47.5,46.6,47.05,302763,EQ,1402.0,215.95,176525.0
2020-11-10,47.0,47.85,46.15,46.9,515460,EQ,3896.0,132.3,209704.0
2020-11-11,48.0,48.7,46.45,48.15,1129418,EQ,6135.0,184.09,416188.0
2020-11-12,47.1,50.3,47.1,48.15,783059,EQ,3971.0,197.19,383151.0
2020-11-13,48.55,53.95,47.85,52.25,2723936,EQ,12617.0,215.89,939119.0
2020-11-17,56.2,58.9,55.5,57.5,2438887,EQ,14633.0,166.67,874433.0
2020-11-18,57.5,59.15,54.6,55.45,1005593,EQ,6571.0,153.04,465035.0
2020-11-19,55.45,57.8,53.1,54.8,764441,EQ,4985.0,153.35,345060.0
2020-11-20,54.55,56.45,54.1,54.5,434443,EQ,2279.0,190.63,253853.0
2020-11-23,55.0,58.1,54.0,56.8,1389752,EQ,7339.0,189.37,414249.0
2020-11-24,56.8,57.15,55.0,55.35,407841,EQ,2342.0,174.14,231895.0
2020-11-25,55.25,56.65,53.65,54.0,331563,EQ,2271.0,146.0,181245.0
2020-11-26,53.65,58.6,53.15,57.05,1035404,EQ,5032.0,205.76,379962.0
2020-11-27,57.0,57.3,55.7,56.0,468255,EQ,2424.0,193.17,219173.0
2020-12-01,56.4,56.9,55.1,55.7,334889,EQ,2235.0,149.84,159850.0
2020-12-02,56.1,62.3,56.1,60.2,3318168,EQ,17212.0,192.78,1051739.0
2020-12-03,60.6,63.0,60.1,62.35,1281827,EQ,6626.0,193.45,693932.0
2020-12-04,62.35,63.05,59.1,60.25,573616,EQ,3762.0,152.48,309686.0
2020-12-07,60.95,62.2,60.0,60.25,371585,EQ,2535.0,146.58,193759.0
2020-12-08,59.7,62.7,57.45,60.9,955735,EQ,4712.0,202.83,436359.0
2020-12-09,61.35,62.5,60.5,60.6,528868,EQ,3230.0,163.74,267070.0
2020-12-10,60.75,60.75,58.1,59.3,310019,EQ,2107.0,147.14,123996.0
2020-12-11,59.8,61.4,58.7,59.05,560978,EQ,3531.0,158.87,214218.0
2020-12-14,59.7,61.0,59.25,59.8,615422,EQ,3551.0,173.31,307745.0
2020-12-15,60.1,61.95,58.25,60.7,583443,EQ,3492.0,167.08,184632.0
2020-12-16,61.25,61.9,59.75,60.1,465325,EQ,2940.0,158.27,175156.0
2020-12-17,59.9,61.5,59.1,59.65,420920,EQ,2392.0,175.97,210710.0
2020-12-18,60.0,60.4,58.4,59.4,486316,EQ,2797.0,173.87,174044.0
2020-12-21,59.8,60.25,51.45,53.2,601205,EQ,4035.0,149.0,361832.0
2020-12-22,54.0,55.1,48.9,53.35,649261,EQ,4358.0,148.98,245473.0
2020-12-23,53.9,57.5,53.8,56.75,384206,EQ,3245.0,118.4,166042.0
2020-12-24,57.5,58.9,56.25,57.0,360408,EQ,2473.0,145.74,189771.0
2020-12-28,57.6,60.7,57.6,59.8,509801,EQ,2832.0,180.01,281546.0
2020-12-29,64.4,64.4,59.15,59.7,572308,EQ,3627.0,157.79,240723.0
2020-12-30,59.7,61.6,58.55,60.85,590632,EQ,3222.0,183.31,245587.0
2020-12-31,60.85,62.1,58.8,60.05,692801,EQ,3918.0,176.83,220372.0
2021-01-01,60.2,65.0,59.8,64.05,1622288,EQ,8480.0,191.31,708894.0
2021-01-04,64.95,72.6,64.5,71.1,9272728,EQ,38203.0,242.72,1726753.0
2021-01-05,70.4,70.8,68.1,68.8,975673,EQ,6698.0,145.67,406890.0
2021-01-06,69.25,70.4,65.4,66.45,1132886,EQ,6757.0,167.66,413581.0
2021-01-07,67.4,72.0,67.35,69.35,1500320,EQ,8748.0,171.5,553221.0
2021-01-08,69.9,70.5,67.4,68.05,634040,EQ,4605.0,137.69,347993.0
2021-01-11,68.7,68.7,65.1,65.85,508818,EQ,4133.0,123.11,288006.0
2021-01-12,65.95,69.35,64.95,66.3,632913,EQ,4731.0,133.78,232212.0
2021-01-13,66.8,67.6,64.85,65.85,413937,EQ,3188.0,129.84,169852.0
2021-01-14,65.9,65.9,62.8,63.5,536431,EQ,3165.0,169.49,287745.0
2021-01-15,64.0,65.5,62.55,62.85,650708,EQ,4257.0,152.86,269107.0
2021-01-18,62.6,63.2,58.6,59.85,652961,EQ,4485.0,145.59,315941.0
2021-01-19,60.0,63.2,60.0,61.95,339845,EQ,2358.0,144.12,157477.0
2021-01-20,62.25,62.8,61.25,61.75,209661,EQ,1527.0,137.3,112251.0
2021-01-21,62.25,62.25,59.05,59.25,473494,EQ,3452.0,137.17,247442.0
2021-01-22,59.0,60.7,57.25,58.35,278254,EQ,2253.0,123.5,114800.0
2021-01-25,58.95,60.5,55.55,56.85,265982,EQ,3904.0,68.13,99963.0
2021-01-27,56.05,58.3,56.05,56.95,243326,EQ,1880.0,129.43,102834.0
2021-01-28,55.0,58.95,54.8,56.9,225567,EQ,3142.0,71.79,92014.0
2021-01-29,57.3,59.0,56.3,56.85,187564,EQ,1288.0,145.62,72304.0
2021-02-01,57.0,58.25,55.5,57.55,430702,EQ,2731.0,157.71,163659.0
2021-02-02,58.75,60.25,57.3,57.75,373402,EQ,2663.0,140.22,180522.0
2021-02-03,58.0,63.5,57.05,62.05,1014931,EQ,8309.0,122.15,371781.0
2021-02-04,62.1,62.65,60.2,60.9,319241,EQ,2454.0,130.09,163209.0
2021-02-05,61.3,62.35,60.2,61.15,282595,EQ,2357.0,119.9,114555.0
2021-02-08,61.65,64.95,61.2,63.9,752561,EQ,4456.0,168.89,335698.0
2021-02-09,63.9,64.3,61.45,61.6,347252,EQ,2798.0,124.11,190583.0
2021-02-10,62.0,64.4,62.0,63.35,515780,EQ,2938.0,175.55,232592.0
2021-02-11,63.5,64.35,62.5,63.55,386206,EQ,2100.0,183.91,192699.0
2021-02-12,62.5,64.4,61.55,63.0,597454,EQ,3642.0,164.05,230591.0
2021-02-15,63.9,65.0,63.0,63.45,1055933,EQ,5296.0,199.38,496458.0
2021-02-16,63.95,66.8,63.55,64.95,1882460,EQ,11521.0,163.39,543630.0
2021-02-17,64.95,65.1,63.0,63.5,393543,EQ,2523.0,155.98,198869.0
2021-02-18,64.0,65.0,63.3,64.25,363005,EQ,2234.0,162.49,188029.0
2021-02-19,64.0,65.6,63.25,64.15,670060,EQ,9046.0,74.07,247051.0
2021-02-22,64.0,65.85,62.6,63.05,549248,EQ,3459.0,158.79,242972.0
2021-02-23,64.0,64.9,62.7,63.65,739265,EQ,3015.0,245.2,323810.0
2021-02-24,63.85,65.2,62.35,64.0,281500,EQ,2255.0,124.83,139676.0
2021-02-25,64.65,65.8,63.95,64.4,508399,EQ,2450.0,207.51,281171.0
2021-02-26,64.2,65.5,63.0,64.05,821130,EQ,5649.0,145.36,335825.0
2021-03-01,64.95,65.6,64.0,64.55,371167,EQ,2338.0,158.75,161348.0
2021-03-02,65.05,71.4,64.7,69.15,3814194,EQ,21212.0,179.81,1239248.0
2021-03-03,69.8,71.45,67.65,68.3,1402174,EQ,9390.0,149.33,700909.0
2021-03-04,67.05,68.8,67.0,67.85,430637,EQ,3262.0,132.02,227383.0
2021-03-05,68.2,68.55,65.55,66.2,356335,EQ,2762.0,129.01,168166.0
2021-03-08,66.7,68.35,65.6,66.1,338370,EQ,3817.0,88.65,130380.0
2021-03-09,66.65,66.95,64.05,64.65,329517,EQ,3362.0,98.01,159715.0
2021-03-10,64.95,66.2,63.3,65.1,408953,EQ,4081.0,100.21,145739.0
2021-03-12,66.2,66.25,63.4,63.55,412103,EQ,3769.0,109.34,215765.0
2021-03-15,63.95,64.2,61.0,63.6,490747,EQ,5314.0,92.35,164359.0
2021-03-16,64.2,64.9,63.2,63.6,267432,EQ,3017.0,88.64,112364.0
2021-03-17,63.05,64.1,61.5,61.75,425073,EQ,5353.0,79.41,106124.0
2021-03-18,62.2,63.8,59.4,60.45,405420,EQ,4282.0,94.68,158989.0
2021-03-19,59.45,61.95,57.8,61.2,505121,EQ,5092.0,99.2,141452.0
2021-03-22,61.3,61.8,60.5,60.8,256348,EQ,2205.0,116.26,124275.0
2021-03-23,60.8,61.8,59.8,60.0,203300,EQ,2150.0,94.56,102499.0
2021-03-24,61.3,61.3,58.7,59.1,272811,EQ,4823.0,56.56,82134.0
2021-03-25,58.65,59.0,56.6,57.7,338175,EQ,5433.0,62.24,125768.0
2021-03-26,58.9,63.0,57.75,61.5,722855,EQ,6054.0,119.4,274161.0
2021-03-30,62.8,64.5,62.05,62.55,408968,EQ,3766.0,108.59,157811.0
2021-03-31,62.5,65.3,60.65,62.65,509223,EQ,4593.0,110.87,218396.0
2021-04-01,63.2,69.45,63.0,67.95,1983189,EQ,12766.0,155.35,769725.0
2021-04-05,67.35,69.35,63.2,65.55,1248790,EQ,8704.0,143.47,485485.0
2021-04-06,66.35,67.8,63.8,64.25,679378,EQ,5598.0,121.36,242354.0
2021-04-07,64.5,68.0,64.2,66.4,770969,EQ,6241.0,123.53,281077.0
2021-04-08,66.95,75.6,66.55,71.4,7065407,EQ,32523.0,217.24,1923403.0
2021-04-09,70.7,73.7,70.3,71.5,1624124,EQ,10467.0,155.17,547540.0
2021-04-12,69.9,69.9,62.0,62.65,1344866,EQ,11840.0,113.59,635925.0
2021-04-13,63.75,66.6,62.3,65.95,785610,EQ,5289.0,148.54,252976.0
2021-04-15,65.2,67.4,63.6,64.3,828763,EQ,5201.0,159.35,342025.0
2021-04-16,65.7,67.35,64.8,65.95,919989,EQ,6295.0,146.15,357429.0
2021-04-19,63.95,63.95,62.15,63.45,511201,EQ,3850.0,132.78,168570.0
2021-04-20,64.2,65.25,62.5,63.0,369106,EQ,3442.0,107.24,124869.0
2021-04-22,63.5,65.5,62.7,64.65,599352,EQ,4368.0,137.21,223624.0
2021-04-23,64.7,71.8,64.7,68.85,3365791,EQ,20767.0,162.07,863123.0
2021-04-26,69.8,74.4,68.95,71.1,3020382,EQ,21321.0,141.66,697642.0
2021-04-27,71.5,82.4,71.35,80.65,10088582,EQ,56205.0,179.5,2069713.0
2021-04-28,80.3,80.3,76.5,77.05,2925360,EQ,19323.0,151.39,902582.0
2021-04-29,80.0,81.0,78.25,79.05,3483803,EQ,18898.0,184.35,970763.0
2021-04-30,77.8,84.4,77.1,80.15,3820080,EQ,26204.0,145.78,1048558.0
2021-05-03,79.35,83.3,79.0,81.95,3068656,EQ,17741.0,172.97,886557.0
2021-05-04,82.15,84.4,76.7,77.8,2511464,EQ,18523.0,135.59,965966.0
2021-05-05,78.45,79.95,76.4,77.1,1208250,EQ,10550.0,114.53,361212.0
2021-05-06,77.85,80.8,77.25,78.8,1312054,EQ,9340.0,140.48,346760.0
2021-05-07,79.5,91.5,79.15,88.85,12060271,EQ,67093.0,179.75,2714008.0
2021-05-10,90.0,92.7,88.5,89.3,4384039,EQ,29580.0,148.21,1729019.0
2021-05-11,85.0,89.9,84.05,86.35,2533935,EQ,20524.0,123.46,770492.0
2021-05-12,87.25,87.6,80.3,82.7,1569450,EQ,13073.0,120.05,618869.0
2021-05-14,83.6,84.4,76.75,78.65,1823304,EQ,13676.0,133.32,639935.0
2021-05-17,78.6,83.0,77.45,82.1,1530672,EQ,10659.0,143.6,344864.0
2021-05-18,82.95,84.2,81.0,81.45,906221,EQ,6516.0,139.08,299355.0
2021-05-19,83.2,85.35,82.55,83.15,1008496,EQ,9765.0,103.28,312112.0
2021-05-20,81.8,81.8,79.25,79.9,691873,EQ,5979.0,115.72,259318.0
2021-05-21,79.75,81.0,79.5,79.6,450431,EQ,3778.0,119.22,171158.0
2021-05-24,80.35,80.8,78.0,78.95,678884,EQ,5434.0,124.93,229941.0
2021-05-25,79.6,86.7,79.6,85.05,4953227,EQ,27861.0,177.78,957722.0
2021-05-26,84.9,84.9,81.8,82.15,786373,EQ,6841.0,114.95,287067.0
2021-05-27,82.0,84.0,80.3,81.75,968745,EQ,9075.0,106.75,307163.0
2021-05-28,82.8,86.0,81.2,81.8,1057739,EQ,6873.0,153.9,377372.0
2021-05-31,82.0,82.85,80.1,81.8,1313869,EQ,9001.0,145.97,412860.0
2021-06-01,82.5,82.5,77.1,78.6,1086680,EQ,7864.0,138.18,522114.0
2021-06-02,79.55,80.85,79.05,79.8,579405,EQ,4946.0,117.15,233125.0
2021-06-03,80.4,81.8,79.85,81.0,729147,EQ,5830.0,125.07,273252.0
2021-06-04,81.35,81.35,79.25,79.55,537637,EQ,4116.0,130.62,219341.0
2021-06-07,80.45,80.9,79.5,79.8,608653,EQ,3815.0,159.54,321364.0
2021-06-08,79.9,83.5,79.85,81.25,1438211,EQ,10385.0,138.49,420286.0
2021-06-09,82.0,82.4,78.5,80.0,545129,EQ,4862.0,112.12,244389.0
2021-06-10,82.0,82.0,80.35,81.15,547061,EQ,3913.0,139.81,221670.0
2021-06-11,81.9,84.4,80.0,83.3,1820613,EQ,9585.0,189.94,579895.0
2021-06-14,83.3,88.25,80.6,86.3,5047868,EQ,31970.0,157.89,1395365.0
2021-06-15,87.0,88.25,85.5,86.0,1538374,EQ,12256.0,125.52,721229.0
2021-06-16,86.05,86.6,82.55,83.0,1322627,EQ,11881.0,111.32,341203.0
2021-06-17,82.95,83.9,80.1,80.9,918760,EQ,9220.0,99.65,305801.0
2021-06-18,81.45,81.8,74.85,79.45,1713411,EQ,22334.0,76.72,454405.0
2021-06-21,77.9,83.3,76.75,82.5,1757140,EQ,13490.0,130.26,434822.0
2021-06-22,83.2,84.3,80.45,81.35,1047078,EQ,11078.0,94.52,248890.0
2021-06-23,81.85,82.2,79.5,79.8,732065,EQ,9534.0,76.78,166248.0
2021-06-24,79.6,81.2,79.0,80.05,678397,EQ,8623.0,78.67,174070.0
2021-06-25,80.5,85.75,80.5,82.65,2486648,EQ,19798.0,125.6,578852.0
2021-06-28,82.6,84.7,81.5,83.1,901407,EQ,8588.0,104.96,230540.0
2021-06-29,82.7,83.75,80.85,81.4,524672,EQ,5891.0,89.06,166159.0
2021-06-30,84.0,85.0,82.35,82.7,1229643,EQ,10808.0,113.77,282155.0
2021-07-01,83.3,83.3,81.75,82.3,278101,EQ,3990.0,69.7,99105.0
2021-07-02,82.35,82.6,81.3,81.7,294821,EQ,3108.0,94.86,138045.0
2021-07-05,82.15,82.55,80.4,81.25,457221,EQ,6213.0,73.59,207662.0
2021-07-06,81.25,82.2,80.1,80.3,419668,EQ,8103.0,51.79,259575.0
2021-07-07,80.2,83.95,79.5,82.8,1407613,EQ,15717.0,89.56,477486.0
2021-07-08,83.1,83.7,79.8,80.25,880161,EQ,7585.0,116.04,462240.0
2021-07-09,80.95,83.9,79.9,82.9,1513451,EQ,9224.0,164.08,610262.0
2021-07-12,84.2,84.5,80.8,81.7,1619737,EQ,10346.0,156.56,748422.0
2021-07-13,82.7,83.9,81.1,81.5,524062,EQ,4811.0,108.93,215095.0
2021-07-14,82.2,86.4,81.7,83.6,2133260,EQ,13819.0,154.37,802159.0
2021-07-15,84.15,84.85,82.7,83.25,982709,EQ,8164.0,120.37,250646.0
2021-07-16,83.75,84.5,81.6,82.55,692610,EQ,5053.0,137.07,326808.0
2021-07-19,81.65,84.4,81.1,82.2,719343,EQ,4679.0,153.74,234967.0
2021-07-20,82.0,82.7,80.45,80.95,621069,EQ,5078.0,122.31,289596.0
2021-07-22,81.55,89.0,81.55,87.6,6460566,EQ,40243.0,160.54,1938284.0
2021-07-23,88.1,88.3,83.8,84.4,2017672,EQ,13819.0,146.01,690525.0
2021-07-26,84.35,89.85,83.9,87.0,3132735,EQ,20787.0,150.71,969681.0
2021-07-27,87.95,91.0,86.25,88.1,2707662,EQ,17675.0,153.19,857802.0
2021-07-28,88.6,90.0,84.7,88.7,1718536,EQ,10447.0,164.5,418188.0
2021-07-29,89.2,96.65,89.2,93.2,8799796,EQ,49237.0,178.72,2328289.0
2021-07-30,93.45,95.55,90.1,91.9,2271310,EQ,14703.0,154.48,769305.0
2021-08-02,93.5,94.75,90.3,90.75,1429000,EQ,8752.0,163.28,623764.0
2021-08-03,91.8,92.2,89.4,89.95,1010648,EQ,8491.0,119.03,446470.0
2021-08-04,91.6,93.9,88.35,89.05,1403884,EQ,11642.0,120.59,458642.0
2021-08-05,89.2,92.7,85.2,90.95,1738425,EQ,11755.0,147.89,544034.0
2021-08-06,91.8,95.35,91.15,93.35,2591027,EQ,15782.0,164.18,1008601.0
2021-08-09,94.3,95.85,90.75,91.65,1032977,EQ,9115.0,113.33,446705.0
2021-08-10,91.65,92.4,81.0,83.95,1591627,EQ,13992.0,113.75,616452.0
2021-08-11,86.0,87.0,80.3,85.6,2012807,EQ,15391.0,130.78,448397.0
2021-08-12,86.25,87.9,85.4,86.75,791134,EQ,7192.0,110.0,259499.0
2021-08-13,87.3,91.6,86.35,87.4,1683374,EQ,15924.0,105.71,391692.0
2021-08-16,87.1,93.75,86.2,91.1,2998866,EQ,24784.0,121.0,630365.0
2021-08-17,91.45,91.8,87.55,88.3,1298535,EQ,12942.0,100.33,312472.0
2021-08-18,89.0,89.6,85.5,86.2,943008,EQ,12491.0,75.49,187637.0
2021-08-20,83.05,84.45,80.7,81.45,982718,EQ,10802.0,90.98,388820.0
2021-08-23,82.5,83.3,77.4,80.0,1521715,EQ,14138.0,107.63,529635.0
2021-08-24,80.05,83.25,80.05,81.8,1120955,EQ,12293.0,91.19,167942.0
2021-08-25,82.25,83.15,80.8,81.3,517220,EQ,6453.0,80.15,123086.0
2021-08-26,81.3,82.45,80.6,81.1,413799,EQ,7214.0,57.36,54483.0
2021-08-27,81.1,82.6,80.7,81.1,473406,EQ,6995.0,67.68,133337.0
2021-08-30,81.8,87.5,81.75,86.65,1474675,EQ,14590.0,101.07,451649.0
2021-08-31,86.0,86.65,83.75,84.2,771342,EQ,9600.0,80.35,294132.0
2021-09-01,83.55,85.2,83.5,84.05,815710,EQ,12671.0,64.38,147518.0
2021-09-02,83.55,86.75,83.55,86.1,766255,EQ,11405.0,67.19,227047.0
2021-09-03,86.55,86.9,84.35,84.85,703031,EQ,11407.0,61.63,142080.0
2021-09-06,85.3,85.3,83.2,84.0,531241,EQ,7206.0,73.72,140998.0
2021-09-07,84.1,85.1,82.3,82.95,386024,EQ,5043.0,76.55,94261.0
2021-09-08,83.4,83.65,82.5,82.85,457386,EQ,6959.0,65.73,125347.0
2021-09-09,81.6,84.0,81.6,83.05,338058,EQ,4961.0,68.14,104589.0
2021-09-13,83.55,84.05,81.7,82.2,402039,EQ,5019.0,80.1,150976.0
2021-09-14,82.4,83.25,81.7,82.0,350575,EQ,4540.0,77.22,161064.0
2021-09-15,82.5,83.85,81.7,82.4,491945,EQ,6353.0,77.44,164101.0
2021-09-16,82.9,83.25,81.85,82.0,406884,EQ,4967.0,81.92,142789.0
2021-09-17,82.2,84.1,79.65,83.5,841772,EQ,7617.0,110.51,398041.0
2021-09-20,82.95,82.95,79.7,80.15,509099,EQ,6552.0,77.7,188564.0
2021-09-21,80.0,80.25,76.55,78.75,651863,EQ,8309.0,78.45,245881.0
2021-09-22,79.0,82.25,78.75,80.75,578159,EQ,7799.0,74.13,154109.0
2021-09-23,81.55,82.35,80.5,80.8,261002,EQ,3107.0,84.0,91614.0
2021-09-24,82.4,82.4,78.2,78.85,478440,EQ,5790.0,82.63,186452.0
2021-09-27,78.1,80.0,78.0,78.6,430516,EQ,6339.0,67.92,145209.0
2021-09-28,78.8,80.0,77.5,79.35,281813,EQ,4146.0,67.97,95448.0
2021-09-29,79.35,83.8,78.9,82.05,970268,EQ,8278.0,117.21,331876.0
2021-09-30,82.6,82.8,81.55,81.9,285816,EQ,3847.0,74.3,146381.0
2021-10-01,80.25,85.8,80.25,82.0,1079571,EQ,13871.0,77.83,253363.0
2021-10-04,82.6,86.7,81.6,86.05,1961250,EQ,15219.0,128.87,593547.0
2021-10-05,86.45,88.35,85.1,85.6,864638,EQ,8322.0,103.9,345773.0
2021-10-06,86.0,86.4,83.0,83.2,356916,EQ,4445.0,80.3,178679.0
2021-10-07,83.2,84.45,82.3,82.6,239791,EQ,3942.0,60.83,113895.0
2021-10-08,83.25,85.0,82.4,82.75,378637,EQ,5292.0,71.55,154742.0
2021-10-11,83.4,84.35,82.55,82.75,343718,EQ,4698.0,73.16,108389.0
2021-10-12,82.95,83.4,82.1,82.45,262707,EQ,3364.0,78.09,121214.0
2021-10-13,82.5,84.85,82.5,82.75,568239,EQ,6060.0,93.77,184529.0
2021-10-14,82.75,86.3,82.75,83.6,901136,EQ,8927.0,100.94,272043.0
2021-10-18,85.05,88.7,85.0,86.8,1840783,EQ,16840.0,109.31,720521.0
2021-10-19,87.4,89.4,84.15,86.75,2073167,EQ,17778.0,116.61,622975.0
2021-10-20,87.0,87.35,83.15,83.95,678264,EQ,8089.0,83.85,243546.0
2021-10-21,84.65,85.0,82.1,82.65,404782,EQ,5486.0,73.78,191459.0
2021-10-22,83.4,84.0,80.55,81.1,412917,EQ,5840.0,70.7,201513.0
2021-10-25,81.1,81.85,78.0,79.35,373482,EQ,4477.0,83.42,167931.0
2021-10-26,79.9,82.4,79.75,81.6,475313,EQ,4401.0,108.0,198252.0
2021-10-27,81.9,82.05,79.8,79.95,433427,EQ,3789.0,114.39,255283.0
2021-10-28,80.6,80.85,78.3,78.7,287414,EQ,3927.0,73.19,110266.0
2021-10-29,79.0,80.25,77.7,78.45,232326,EQ,4319.0,53.79,86163.0
2021-11-01,79.1,81.2,78.75,79.5,286729,EQ,3452.0,83.06,132673.0
2021-11-02,79.85,80.15,77.1,78.7,196950,EQ,2550.0,77.24,109394.0
2021-11-03,79.3,81.5,78.9,80.15,484964,EQ,3792.0,127.89,289426.0
2021-11-04,80.15,81.05,80.05,80.75,62833,EQ,3792.0,16.57,289426.0
2021-11-08,81.8,81.95,80.5,81.3,259200,EQ,2804.0,92.44,149515.0
2021-11-09,81.8,83.5,81.05,82.95,352856,EQ,3600.0,98.02,166258.0
2021-11-10,81.5,82.7,81.5,81.75,201918,EQ,2705.0,74.65,115355.0
2021-11-11,82.0,82.9,81.5,81.85,176868,EQ,2867.0,61.69,74268.0
2021-11-12,82.8,82.8,80.0,81.55,179338,EQ,2517.0,71.25,85886.0
2021-11-15,82.75,82.75,79.1,79.65,375781,EQ,4766.0,78.85,184221.0
2021-11-16,79.7,80.75,78.45,78.75,244707,EQ,3299.0,74.18,123931.0
2021-11-17,78.75,79.2,77.0,77.25,210824,EQ,3204.0,65.8,117503.0
2021-11-18,78.0,78.6,75.0,75.35,278725,EQ,5032.0,55.39,126713.0
2021-11-22,75.35,76.4,70.75,72.8,336946,EQ,6599.0,51.06,155286.0
2021-11-23,72.8,75.4,72.05,74.5,155982,EQ,2744.0,56.84,62819.0
2021-11-24,75.8,76.7,74.8,75.3,153142,EQ,2231.0,68.64,73588.0
2021-11-25,76.4,76.4,74.15,75.1,111948,EQ,1691.0,66.2,59490.0
2021-11-26,74.0,75.5,71.1,71.7,237771,EQ,4036.0,58.91,118568.0
2021-11-29,70.5,71.05,67.0,67.8,334665,EQ,5467.0,61.22,142411.0
2021-11-30,68.5,70.55,67.05,67.75,262022,EQ,4255.0,61.58,117184.0
2021-12-01,68.8,69.25,67.1,68.3,158941,EQ,2843.0,55.91,65610.0
2021-12-02,69.75,72.0,68.35,71.0,419608,EQ,6389.0,65.68,113364.0
2021-12-03,70.55,72.3,70.25,70.6,157225,EQ,2513.0,62.56,66294.0
2021-12-06,71.8,72.3,69.2,69.9,155804,EQ,2487.0,62.65,59597.0
2021-12-07,70.8,72.0,69.9,71.55,262053,EQ,3370.0,77.76,86838.0
2021-12-08,72.0,73.25,72.0,72.6,160342,EQ,2545.0,63.0,77617.0
2021-12-09,73.0,74.3,71.7,73.65,261333,EQ,3149.0,82.99,85477.0
2021-12-10,73.8,74.25,73.05,73.75,138645,EQ,2144.0,64.67,67956.0
2021-12-13,74.0,75.2,73.75,74.0,138299,EQ,1905.0,72.6,78654.0
2021-12-14,74.2,74.7,72.55,72.85,118815,EQ,2101.0,56.55,57978.0
2021-12-15,72.85,73.85,71.15,71.8,147871,EQ,2005.0,73.75,80454.0
2021-12-16,71.85,73.0,70.65,70.95,105110,EQ,1918.0,54.8,53143.0
2021-12-17,71.0,71.25,68.0,68.55,213669,EQ,3383.0,63.16,120826.0
2021-12-20,68.95,68.95,63.9,64.9,316721,EQ,4346.0,72.88,174683.0
2021-12-21,65.7,68.0,65.25,65.8,114839,EQ,2018.0,56.91,55440.0
2021-12-22,67.95,67.95,66.75,67.5,86977,EQ,1544.0,56.33,38100.0
2021-12-23,67.95,69.2,67.9,68.55,107423,EQ,1648.0,65.18,50232.0
2021-12-24,69.65,69.65,66.2,66.8,140766,EQ,2036.0,69.14,72658.0
2021-12-27,67.0,68.45,66.5,67.35,99066,EQ,1522.0,65.09,51252.0
2021-12-28,67.9,69.25,67.65,68.75,113395,EQ,1609.0,70.48,51577.0
2021-12-29,68.75,69.0,67.0,68.45,110961,EQ,1686.0,65.81,56196.0
2021-12-30,69.0,69.25,68.0,68.6,80027,EQ,1421.0,56.32,41246.0
2021-12-31,68.6,71.0,68.45,69.45,199203,EQ,2900.0,68.69,84728.0
2022-01-03,71.7,72.35,71.1,72.0,321482,EQ,5198.0,61.85,158244.0
2022-01-04,72.2,73.0,70.45,71.25,241473,EQ,3712.0,65.05,114952.0
2022-01-05,71.85,72.2,70.45,71.75,186807,EQ,2101.0,88.91,89949.0
2022-01-06,70.55,72.75,70.55,71.6,179772,EQ,2410.0,74.59,77699.0
2022-01-07,72.3,73.25,71.6,72.9,207977,EQ,2197.0,94.66,107481.0
2022-01-10,72.55,74.0,72.55,73.5,227528,EQ,1777.0,128.04,128778.0
2022-01-11,73.5,73.5,71.3,71.75,176710,EQ,2170.0,81.43,111862.0
2022-01-12,72.6,73.1,71.45,71.6,143913,EQ,1591.0,90.45,82960.0
2022-01-13,72.3,77.6,72.3,75.6,980667,EQ,9830.0,99.76,415249.0
2022-01-14,75.0,77.5,74.6,77.0,404172,EQ,4799.0,84.22,266458.0
2022-01-17,77.45,82.25,77.0,80.1,717818,EQ,8370.0,85.76,395750.0
2022-01-18,80.75,81.0,77.9,78.75,499350,EQ,4923.0,101.43,301567.0
2022-01-19,76.65,81.7,76.65,80.05,438971,EQ,5691.0,77.13,234386.0
2022-01-20,80.2,81.75,79.2,80.45,271352,EQ,4509.0,60.18,128234.0
2022-01-21,80.0,81.8,79.0,79.75,256989,EQ,4153.0,61.88,136610.0
2022-01-24,79.75,79.75,73.2,74.2,281221,EQ,4699.0,59.85,169507.0
2022-01-25,73.0,78.0,72.7,77.2,211503,EQ,4707.0,44.93,96971.0
2022-01-27,77.75,80.2,76.0,79.6,312039,EQ,5389.0,57.9,163504.0
2022-01-28,80.0,81.1,78.8,79.25,370667,EQ,4909.0,75.51,209262.0
2022-01-31,80.7,80.7,78.15,79.0,147572,EQ,2373.0,62.19,89859.0
2022-02-01,79.0,84.4,77.55,80.8,758798,EQ,8936.0,84.91,292459.0
2022-02-02,81.4,81.85,79.6,80.1,213198,EQ,3022.0,70.55,96053.0
2022-02-03,79.6,81.0,79.55,80.25,171121,EQ,1969.0,86.91,75955.0
2022-02-04,80.0,82.25,79.95,80.05,227396,EQ,3026.0,75.15,77883.0
2022-02-07,80.0,83.0,79.25,80.4,301362,EQ,4160.0,72.44,127243.0
2022-02-08,80.8,81.7,77.8,80.35,223617,EQ,3642.0,61.4,83455.0
2022-02-09,80.85,82.9,79.2,80.4,488295,EQ,5854.0,83.41,139373.0
2022-02-10,80.1,82.25,71.1,78.05,594297,EQ,7672.0,77.46,243544.0
2022-02-11,77.9,78.45,75.5,76.6,255432,EQ,3991.0,64.0,112852.0
2022-02-14,74.25,74.85,72.2,73.0,282021,EQ,3591.0,78.54,163547.0
2022-02-15,73.0,75.0,71.5,74.3,191759,EQ,2989.0,64.15,80412.0
2022-02-16,75.0,76.2,73.55,74.05,102746,EQ,1891.0,54.33,45049.0
2022-02-17,75.0,75.3,72.05,72.85,106784,EQ,2021.0,52.84,38338.0
2022-02-18,72.85,73.55,71.8,72.05,47061,EQ,1070.0,43.98,23208.0
2022-02-21,71.9,71.9,69.05,69.4,138609,EQ,2120.0,65.38,69979.0
2022-02-22,68.5,68.5,65.8,66.85,230037,EQ,2999.0,76.7,118375.0
2022-02-23,66.85,69.25,66.85,67.4,124099,EQ,1587.0,78.2,56156.0
2022-02-24,63.2,66.0,60.0,60.35,324704,EQ,4934.0,65.81,148189.0
2022-02-25,61.7,65.4,57.1,65.0,310488,EQ,3938.0,78.84,135030.0
2022-02-28,65.0,69.5,63.35,68.5,227925,EQ,3694.0,61.7,70055.0
2022-03-02,68.5,71.1,68.0,69.85,345365,EQ,5216.0,66.21,86142.0
2022-03-03,70.6,72.0,69.55,70.85,201611,EQ,2763.0,72.97,70156.0
2022-03-04,69.25,71.3,67.9,68.25,197814,EQ,3369.0,58.72,94354.0
2022-03-07,68.25,68.25,65.15,66.2,171275,EQ,,,
2022-03-08,68.3,68.5,65.8,67.0,143859,EQ,2265.0,63.51,62738.0
2022-03-09,68.5,68.8,67.25,67.65,95960,EQ,1771.0,54.18,38442.0
2022-03-10,68.65,70.15,68.15,68.9,132200,EQ,2043.0,64.71,64333.0
2022-03-11,68.9,72.0,68.9,70.9,245886,EQ,3011.0,81.66,90923.0
2022-03-14,71.0,71.9,68.65,69.1,121387,EQ,1772.0,68.5,80290.0
2022-03-15,69.0,70.25,66.1,66.75,174823,EQ,2602.0,67.19,83593.0
2022-03-16,67.25,69.3,67.0,67.3,87111,EQ,1495.0,58.27,45893.0
2022-03-17,67.85,69.4,66.8,67.35,264085,EQ,2429.0,108.72,140052.0
2022-03-21,67.0,72.9,67.0,70.9,2007527,EQ,12526.0,160.27,350361.0
2022-03-22,70.55,71.9,68.7,69.55,451484,EQ,4961.0,91.01,227717.0
2022-03-23,70.05,78.6,68.6,69.85,828280,EQ,6926.0,119.59,368019.0
2022-03-24,69.7,71.0,69.0,69.2,451792,EQ,4134.0,109.29,185655.0
2022-03-25,69.7,70.55,65.9,67.0,389343,EQ,2880.0,135.19,249172.0
2022-03-28,67.15,67.5,64.0,64.55,407079,EQ,4197.0,96.99,227611.0
2022-03-29,65.1,65.9,63.05,63.45,371052,EQ,3017.0,122.99,235180.0
2022-03-30,65.0,65.0,63.0,63.95,236943,EQ,2791.0,84.9,147191.0
2022-03-31,64.05,65.25,62.3,62.95,371779,EQ,3541.0,104.99,230713.0
2022-04-01,62.95,67.45,62.95,66.05,379661,EQ,3878.0,97.9,183446.0
2022-04-04,68.0,68.5,66.9,67.8,283301,EQ,3027.0,93.59,139036.0
2022-04-05,68.25,81.35,68.0,81.15,4172821,EQ,23452.0,177.93,1473060.0
2022-04-06,80.8,84.7,78.2,82.95,2461301,EQ,23671.0,103.98,771883.0
2022-04-07,83.0,86.4,80.3,81.55,1142832,EQ,11396.0,100.28,496065.0
2022-04-08,82.2,85.5,82.0,83.1,540033,EQ,4510.0,119.74,258939.0
2022-04-11,83.7,86.7,82.5,84.9,523562,EQ,4833.0,108.33,329113.0
2022-04-12,84.9,85.0,82.75,83.65,301935,EQ,1834.0,164.63,217520.0
2022-04-13,83.1,86.0,83.1,84.3,259725,EQ,1745.0,148.84,183054.0
2022-04-18,85.0,101.15,84.0,101.15,6432398,EQ,45800.0,140.45,3225004.0
2022-04-19,105.0,119.5,101.15,109.0,8915952,EQ,99960.0,89.2,2611593.0
2022-04-20,113.65,119.9,110.6,118.25,4786065,EQ,47860.0,100.0,1733183.0
2022-04-21,121.0,126.0,112.1,124.6,5308550,EQ,54407.0,97.57,1927340.0
2022-04-22,122.4,130.0,120.5,128.05,3621523,EQ,35282.0,102.65,1259087.0
2022-04-25,136.85,136.85,121.05,123.95,4225347,EQ,50285.0,84.03,1732514.0
2022-04-26,125.5,127.4,116.35,117.75,1588401,EQ,17873.0,88.87,749503.0
2022-04-27,118.35,121.45,107.0,113.8,1630314,EQ,15817.0,103.07,654803.0
2022-04-28,115.0,120.0,113.8,114.95,875250,EQ,9073.0,96.47,389535.0
2022-04-29,118.0,124.9,117.35,120.95,1518314,EQ,18196.0,83.44,678005.0
2022-05-02,119.35,120.9,112.8,117.1,616104,EQ,8784.0,70.14,259610.0
2022-05-04,118.2,120.2,108.05,110.05,579892,EQ,6970.0,83.2,300558.0
2022-05-05,110.9,115.35,108.0,108.75,596878,EQ,11123.0,53.66,230601.0
2022-05-06,105.4,114.85,103.55,113.05,699600,EQ,6637.0,105.41,287252.0
2022-05-09,112.25,112.3,105.0,106.45,564775,EQ,6959.0,81.16,256788.0
2022-05-10,105.0,109.4,99.75,100.4,503182,EQ,6544.0,76.89,188272.0
2022-05-12,93.8,102.5,91.5,96.9,470727,EQ,5365.0,87.74,176024.0
2022-05-13,99.25,101.7,94.05,94.85,311138,EQ,4203.0,74.03,134935.0
2022-05-16,94.9,98.95,94.0,97.05,304835,EQ,3275.0,93.08,116061.0
2022-05-17,97.7,106.75,97.65,106.75,515255,EQ,4283.0,120.3,239162.0
2022-05-18,111.0,111.0,103.85,104.55,689105,EQ,8629.0,79.86,265216.0
2022-05-19,100.0,105.25,99.15,101.65,497657,EQ,4483.0,111.01,267610.0
2022-05-20,107.0,111.8,107.0,109.7,1061301,EQ,8948.0,118.61,398549.0
2022-05-23,103.0,103.0,98.75,98.75,729372,EQ,6777.0,107.62,356642.0
2022-05-24,97.05,104.0,93.5,94.55,624741,EQ,6460.0,96.71,293516.0
2022-05-25,96.45,96.45,90.75,91.2,268917,EQ,3383.0,79.49,126961.0
2022-05-26,93.0,99.25,88.5,97.05,540096,EQ,6677.0,80.89,200907.0
2022-05-27,97.85,98.4,93.3,94.45,302829,EQ,3827.0,79.13,134977.0
2022-05-30,94.0,95.75,91.15,92.8,289880,EQ,3464.0,83.68,127586.0
2022-05-31,92.0,98.4,92.0,93.85,388787,EQ,4271.0,91.03,127508.0
2022-06-01,94.5,96.65,92.55,93.05,336097,EQ,3320.0,101.23,167423.0
2022-06-02,93.5,95.2,93.05,94.95,225413,EQ,1975.0,114.13,102587.0
2022-06-03,96.05,99.0,95.0,95.8,299153,EQ,2976.0,100.52,163908.0
2022-06-06,95.8,97.25,93.5,95.55,162078,EQ,2580.0,62.82,60520.0
2022-06-07,95.3,102.25,94.65,99.7,970396,EQ,11067.0,87.68,275979.0
2022-06-08,99.7,103.75,99.0,100.75,684688,EQ,9675.0,70.77,241502.0
2022-06-09,100.7,102.5,97.6,100.95,334747,EQ,4731.0,70.76,159855.0
2022-06-10,99.85,102.7,98.1,98.85,363588,EQ,5983.0,60.77,156084.0
2022-06-13,95.0,97.5,93.0,93.65,259604,EQ,4814.0,53.93,111038.0
2022-06-14,94.6,97.0,93.5,95.4,260642,EQ,4642.0,56.15,84425.0
2022-06-15,96.2,98.05,93.1,93.75,157052,EQ,2753.0,57.05,63992.0
2022-06-16,95.3,96.05,83.2,84.85,810916,EQ,12738.0,63.66,331511.0
2022-06-17,84.6,89.0,81.85,86.3,491697,EQ,7444.0,66.05,95777.0
2022-06-20,86.45,87.35,71.8,75.85,986532,EQ,12523.0,78.78,332153.0
2022-06-21,76.8,84.9,76.55,81.3,654977,EQ,8669.0,75.55,193422.0
2022-06-22,81.9,81.9,75.2,76.6,407803,EQ,5567.0,73.25,155697.0
2022-06-23,77.75,81.8,76.15,77.85,254594,EQ,4485.0,56.77,52885.0
2022-06-24,78.55,81.2,78.55,79.05,289368,EQ,4638.0,62.39,75063.0
2022-06-27,80.55,83.1,79.1,79.45,332714,EQ,5860.0,56.78,127083.0
2022-06-28,79.85,82.8,78.85,81.85,355543,EQ,5144.0,69.12,125606.0
2022-06-29,82.0,83.9,80.5,81.25,261663,EQ,5416.0,48.31,78716.0
2022-06-30,81.9,86.2,79.35,80.15,216435,EQ,3835.0,56.44,60534.0
2022-07-01,80.8,81.2,79.25,80.2,141412,EQ,2820.0,50.15,42313.0
2022-07-04,80.8,81.2,78.85,79.75,101427,EQ,2028.0,50.01,46755.0
2022-07-05,79.6,81.8,78.4,78.85,198760,EQ,4477.0,44.4,68072.0
2022-07-06,78.6,80.25,77.6,79.05,133695,EQ,2890.0,46.26,38820.0
2022-07-07,79.95,84.75,78.9,83.55,548801,EQ,7284.0,75.34,225627.0
2022-07-08,83.9,84.15,79.5,80.35,333930,EQ,5122.0,65.2,150279.0
2022-07-11,80.3,83.9,79.6,81.85,563765,EQ,5999.0,93.98,279059.0
2022-07-12,81.75,82.7,79.7,80.05,429719,EQ,3640.0,118.05,248374.0
2022-07-13,80.5,82.35,79.15,81.75,304152,EQ,4223.0,72.02,131620.0
2022-07-14,82.1,82.1,79.85,80.35,201717,EQ,4042.0,49.91,61466.0
2022-07-15,80.5,84.6,79.25,84.0,539724,EQ,6552.0,82.38,311898.0
2022-07-18,84.65,84.65,82.5,83.25,216735,EQ,3386.0,64.01,108873.0
2022-07-19,83.25,85.95,83.25,83.65,220323,EQ,3691.0,59.69,101163.0
2022-07-20,84.3,85.9,83.0,83.95,342990,EQ,6169.0,55.6,80354.0
2022-07-21,84.55,85.4,83.0,83.75,210402,EQ,4235.0,49.68,67778.0
2022-07-22,83.95,85.5,82.5,83.65,235123,EQ,4039.0,58.21,74139.0
2022-07-25,84.25,84.25,81.65,82.65,260632,EQ,5938.0,43.89,57149.0
2022-07-26,82.95,84.6,80.0,80.45,247778,EQ,4772.0,51.92,86171.0
2022-07-27,81.0,81.35,80.05,80.5,118422,EQ,2749.0,43.08,40314.0
2022-07-28,81.3,83.85,80.65,82.05,132415,EQ,2189.0,60.49,61238.0
2022-07-29,83.95,84.9,82.7,83.4,388699,EQ,5069.0,76.68,194294.0
2022-08-01,84.0,86.8,83.3,84.3,523040,EQ,8460.0,61.83,178294.0
2022-08-02,84.0,85.5,83.0,83.55,207855,EQ,3085.0,67.38,109039.0
2022-08-03,83.6,84.5,81.5,82.05,317842,EQ,4770.0,66.63,169195.0
2022-08-04,82.95,85.0,80.8,82.6,566099,EQ,6345.0,89.22,266619.0
2022-08-05,82.9,84.25,82.5,83.8,150408,EQ,1592.0,94.48,92521.0
2022-08-08,83.25,83.8,81.7,82.6,270426,EQ,,,
2022-08-10,82.5,84.75,81.8,83.2,279863,EQ,3265.0,85.72,121223.0
2022-08-11,84.3,84.4,82.4,82.8,115925,EQ,1694.0,68.43,62146.0
2022-08-12,82.8,85.25,82.05,83.3,417901,EQ,4232.0,98.75,161099.0
2022-08-16,87.0,87.0,83.9,84.35,784932,EQ,9083.0,86.42,382443.0
2022-08-17,84.9,87.0,84.0,86.2,424519,EQ,5356.0,79.26,196493.0
2022-08-18,86.5,93.55,86.0,91.85,2291916,EQ,17604.0,130.19,652351.0
2022-08-19,92.3,95.4,89.1,90.6,1060431,EQ,12984.0,81.67,430856.0
2022-08-22,90.6,90.65,85.25,85.65,570817,EQ,7883.0,72.41,270862.0
2022-08-23,85.4,87.9,84.6,86.95,633789,EQ,8550.0,74.13,185361.0
2022-08-24,87.0,88.9,86.6,87.85,398591,EQ,6520.0,61.13,120359.0
2022-08-25,88.15,91.7,86.55,87.3,474970,EQ,9121.0,52.07,113267.0
2022-08-26,88.5,89.5,86.05,86.85,616426,EQ,5952.0,103.57,176861.0
2022-08-29,85.25,85.8,83.7,84.75,417756,EQ,4591.0,90.99,194321.0
2022-08-30,86.0,89.85,85.6,88.45,539634,EQ,5768.0,93.56,258908.0
2022-09-01,88.45,91.3,87.3,89.05,522170,EQ,7117.0,73.37,182468.0
2022-09-02,89.8,90.5,88.15,88.45,381306,EQ,6251.0,61.0,109966.0
2022-09-05,89.25,93.7,87.8,91.7,876495,EQ,10207.0,85.87,339926.0
2022-09-06,92.45,94.5,91.4,92.25,507082,EQ,6429.0,78.87,204674.0
2022-09-07,91.8,92.55,90.45,90.9,301837,EQ,3320.0,90.91,150789.0
2022-09-08,91.25,92.0,88.25,88.65,671049,EQ,7437.0,90.23,324271.0
2022-09-09,89.7,90.3,87.0,87.35,494809,EQ,7034.0,70.35,188482.0
2022-09-12,88.1,89.55,88.05,88.85,294675,EQ,3686.0,79.94,111038.0
2022-09-13,90.0,90.75,88.85,90.15,314426,EQ,2859.0,109.98,183710.0
2022-09-14,88.0,94.2,87.95,93.05,827652,EQ,8287.0,99.87,312961.0
2022-09-15,93.0,95.75,91.5,93.75,592313,EQ,5907.0,100.27,287300.0
2022-09-16,93.25,95.45,87.15,88.0,1014416,EQ,8416.0,120.53,458103.0
2022-09-19,88.7,89.95,87.6,89.1,304233,EQ,3837.0,79.29,96522.0
2022-09-20,89.7,92.1,89.2,89.5,280338,EQ,3133.0,89.48,121624.0
2022-09-21,90.15,91.25,88.15,88.6,303409,EQ,4640.0,65.39,89160.0
2022-09-22,88.9,89.9,87.6,89.4,277969,EQ,4347.0,63.95,62772.0
2022-09-23,89.0,89.5,84.35,84.95,443887,EQ,5011.0,88.58,204404.0
2022-09-26,84.85,84.85,80.6,81.8,366717,EQ,4791.0,76.54,144948.0
2022-09-27,82.8,83.4,80.4,82.0,227689,EQ,3053.0,74.58,98794.0
2022-09-28,81.5,82.25,80.2,80.45,314096,EQ,5876.0,53.45,64311.0
2022-09-29,80.45,82.8,79.25,79.75,376839,EQ,6534.0,57.67,110473.0
2022-09-30,79.5,82.95,79.5,81.1,345205,EQ,4311.0,80.08,134996.0
2022-10-03,80.8,82.4,80.0,81.5,289964,EQ,4502.0,64.41,66873.0
2022-10-04,82.0,83.6,82.0,82.85,235757,EQ,2822.0,83.54,65859.0
2022-10-06,83.5,86.5,82.75,85.6,431007,EQ,5680.0,75.88,129706.0
2022-10-07,85.5,86.15,83.65,85.3,308883,EQ,4643.0,66.53,89386.0
2022-10-10,85.0,85.0,83.2,84.35,116113,EQ,2339.0,49.64,49436.0
2022-10-11,83.8,85.2,82.05,82.3,164769,EQ,2892.0,56.97,74097.0
2022-10-12,83.55,84.6,80.15,83.45,198946,EQ,3509.0,56.7,71882.0
2022-10-13,83.75,84.0,81.9,82.35,109028,EQ,1899.0,57.41,42797.0
2022-10-14,83.6,83.6,82.25,82.6,112916,EQ,1527.0,73.95,51863.0
2022-10-17,82.6,82.6,79.35,81.4,237876,EQ,2247.0,105.86,109415.0
2022-10-18,81.4,82.75,81.0,81.4,98501,EQ,1587.0,62.07,55054.0
2022-10-19,81.85,82.9,80.75,81.0,179233,EQ,1786.0,100.35,105713.0
2022-10-20,80.5,82.4,80.5,81.45,109171,EQ,1539.0,70.94,56468.0
2022-10-21,81.25,82.4,79.75,80.9,335609,EQ,2536.0,132.34,255873.0
2022-10-24,81.45,82.4,81.45,82.05,29827,EQ,319.0,93.5,23862.0
2022-10-25,82.0,83.4,81.2,81.55,156670,EQ,2196.0,71.34,67517.0
2022-10-27,82.85,83.5,81.9,82.75,318668,EQ,3866.0,82.43,138534.0
2022-10-28,83.0,83.45,82.1,82.65,142579,EQ,1714.0,83.18,83867.0
2022-10-31,82.7,82.9,81.55,81.7,158711,EQ,1316.0,120.6,108811.0
2022-11-01,82.45,82.45,81.55,81.95,114351,EQ,1727.0,66.21,54785.0
2022-11-02,82.0,83.65,81.7,81.95,297623,EQ,3736.0,79.66,157544.0
2022-11-03,81.9,83.45,81.9,83.0,211891,EQ,3669.0,57.75,122107.0
2022-11-04,82.5,88.4,82.5,85.85,664469,EQ,7308.0,90.92,295368.0
2022-11-07,86.75,88.35,85.8,86.35,320546,EQ,4784.0,67.0,164886.0
2022-11-09,86.95,88.2,85.25,86.0,219183,EQ,2128.0,103.0,139583.0
2022-11-10,85.7,87.5,84.5,85.2,115139,EQ,1272.0,90.52,64630.0
2022-11-11,85.2,86.85,84.5,86.2,148842,EQ,2157.0,69.0,82655.0
2022-11-14,91.0,92.45,86.2,86.85,666562,EQ,7718.0,86.36,291945.0
2022-11-15,88.0,88.35,86.0,86.5,175682,EQ,7718.0,22.76,291945.0
2022-11-16,86.35,88.55,85.75,87.45,206028,EQ,2405.0,85.67,119747.0
2022-11-17,88.0,89.05,86.1,86.5,162427,EQ,1993.0,81.5,98245.0
2022-11-18,87.3,87.8,86.0,86.6,97311,EQ,1440.0,67.58,56208.0
2022-11-21,86.85,87.9,86.2,86.7,187417,EQ,2107.0,88.95,105953.0
2022-11-22,86.7,87.6,86.0,86.2,72491,EQ,953.0,76.07,48144.0
2022-11-23,87.0,87.65,86.4,87.1,126113,EQ,1503.0,83.91,77658.0
2022-11-24,87.9,88.25,86.1,86.65,85062,EQ,1470.0,57.87,53574.0
2022-11-25,87.1,91.4,86.65,89.2,411218,EQ,5425.0,75.8,186000.0
2022-11-28,88.9,91.35,88.15,90.4,213618,EQ,3578.0,59.7,121253.0
2022-11-29,90.4,92.8,90.0,90.15,312484,EQ,4073.0,76.72,146327.0
2022-11-30,90.0,91.7,89.35,90.3,192893,EQ,2580.0,74.76,112507.0
2022-12-01,91.2,93.5,91.2,92.25,458145,EQ,5701.0,80.36,237571.0
2022-12-02,94.0,94.6,91.65,92.25,399544,EQ,4566.0,87.5,209966.0
2022-12-05,92.6,99.0,92.55,98.15,903657,EQ,8572.0,105.42,461562.0
2022-12-06,100.05,102.35,97.65,98.75,1385375,EQ,12345.0,112.22,655662.0
2022-12-07,99.45,100.0,96.15,96.7,462465,EQ,5115.0,90.41,255668.0
2022-12-08,97.3,97.35,94.55,95.05,237895,EQ,3499.0,67.99,121543.0
2022-12-09,95.5,97.55,90.05,91.1,631423,EQ,5788.0,109.09,429483.0
2022-12-12,91.2,92.9,90.2,91.8,314022,EQ,3762.0,83.47,142751.0
2022-12-13,92.55,94.45,92.4,92.85,397147,EQ,4838.0,82.09,155473.0
2022-12-14,93.6,94.5,92.95,93.9,211310,EQ,2874.0,73.52,116937.0
2022-12-15,94.2,97.8,93.75,94.6,363822,EQ,5036.0,72.24,159675.0
2022-12-16,94.6,95.4,92.55,94.3,204354,EQ,2944.0,69.41,109574.0
2022-12-19,95.0,109.9,95.0,107.55,3052908,EQ,28834.0,105.88,1132717.0
2022-12-20,110.0,114.0,107.0,110.35,2847220,EQ,27923.0,101.97,859128.0
2022-12-21,109.2,111.7,100.2,102.1,1405623,EQ,16396.0,85.73,684943.0
2022-12-22,103.6,105.15,98.1,99.6,812034,EQ,8669.0,93.67,340919.0
2022-12-23,98.1,99.5,93.0,94.35,469696,EQ,6129.0,76.64,254367.0
2022-12-26,93.9,107.2,93.25,103.7,910819,EQ,9277.0,98.18,403237.0
2022-12-27,105.75,113.8,104.2,110.95,2148548,EQ,19295.0,111.35,794027.0
2022-12-28,111.8,115.0,109.55,111.5,1683585,EQ,14856.0,113.33,558907.0
2022-12-29,110.05,116.5,109.85,113.8,1045786,EQ,8644.0,120.98,472475.0
2022-12-30,116.7,118.6,111.35,112.25,1076980,EQ,9375.0,114.88,391930.0
2023-01-02,113.0,124.6,113.0,122.95,2719672,EQ,22044.0,123.37,878347.0
2023-01-03,123.75,123.9,118.55,121.0,1572618,EQ,10072.0,156.14,513913.0
2023-01-04,121.55,121.75,112.75,113.6,1429850,EQ,11342.0,126.07,506312.0
2023-01-05,114.6,116.5,111.55,115.05,1053672,EQ,8174.0,128.91,217290.0
2023-01-06,114.6,116.1,112.0,113.0,642941,EQ,5190.0,123.88,200913.0
2023-01-09,113.85,118.2,113.65,116.4,703411,EQ,5815.0,120.96,255105.0
2023-01-10,116.5,120.45,115.55,116.85,1324893,EQ,13403.0,98.85,420667.0
2023-01-11,117.45,119.2,117.05,118.45,554562,EQ,5715.0,97.04,147281.0
2023-01-12,119.1,119.1,115.5,116.0,409480,EQ,4277.0,95.74,152236.0
2023-01-13,116.05,131.6,115.75,129.9,6294361,EQ,44954.0,140.02,1085813.0
2023-01-16,129.9,135.6,127.95,133.35,3137275,EQ,22965.0,136.61,808202.0
2023-01-17,134.05,139.4,131.5,135.2,3277430,EQ,21493.0,152.49,552407.0
2023-01-18,135.25,135.6,131.0,131.6,1440350,EQ,12596.0,114.35,279754.0
2023-01-19,131.0,136.4,128.75,134.55,1819128,EQ,14941.0,121.75,348347.0
2023-01-20,135.05,135.95,129.5,130.85,950787,EQ,8439.0,112.67,282628.0
2023-01-23,131.5,132.3,128.65,130.0,1003012,EQ,8687.0,115.46,245549.0
2023-01-24,130.0,139.8,129.7,138.0,2342952,EQ,20223.0,115.86,591799.0
2023-01-25,138.6,146.05,137.65,141.1,4739025,EQ,34636.0,136.82,998013.0
2023-01-27,141.1,142.2,128.5,132.8,1898394,EQ,18831.0,100.81,481331.0
2023-01-30,130.0,134.7,128.1,130.85,1407635,EQ,15444.0,91.14,183237.0
2023-01-31,130.8,137.85,129.05,136.65,959654,EQ,12368.0,77.59,221734.0
2023-02-01,137.35,143.5,130.05,134.25,1686843,EQ,17041.0,98.99,450979.0
2023-02-02,134.0,137.9,132.75,133.95,777034,EQ,8747.0,88.83,129245.0
2023-02-03,134.55,136.15,126.05,132.15,1290369,EQ,15840.0,81.46,226063.0
2023-02-06,132.15,134.8,129.8,132.1,483143,EQ,6244.0,77.38,116648.0
2023-02-07,132.8,134.2,124.3,125.7,820853,EQ,8781.0,93.48,351149.0
2023-02-08,126.35,139.2,125.75,133.9,2323485,EQ,20779.0,111.82,451336.0
2023-02-09,134.5,149.0,132.25,147.95,4272048,EQ,36453.0,117.19,927362.0
2023-02-10,147.4,148.7,141.45,143.35,1575489,EQ,14508.0,108.59,370002.0
2023-02-13,142.6,143.8,138.0,139.3,635787,EQ,5990.0,106.14,182629.0
2023-02-14,139.8,142.85,136.0,140.3,809770,EQ,9219.0,87.84,190436.0
2023-02-15,139.3,141.8,137.5,139.05,591624,EQ,7312.0,80.91,129530.0
2023-02-16,139.35,144.0,138.1,140.65,933303,EQ,9070.0,102.9,191032.0
2023-02-17,140.5,144.4,138.9,143.35,774872,EQ,7854.0,98.66,227990.0
2023-02-20,143.8,151.0,138.65,140.35,2332669,EQ,22871.0,101.99,508342.0
2023-02-21,141.1,144.35,138.15,143.1,1019425,EQ,11515.0,88.53,247408.0
2023-02-22,143.2,143.85,137.55,138.55,541003,EQ,6408.0,84.43,189473.0
2023-02-23,139.2,142.5,137.7,140.05,517790,EQ,6275.0,82.52,132996.0
2023-02-24,141.05,142.0,137.15,139.15,433778,EQ,6152.0,70.51,96606.0
2023-02-27,137.05,137.95,128.65,130.55,1529945,EQ,17547.0,87.19,531820.0
2023-02-28,130.75,133.1,127.85,131.15,797548,EQ,10713.0,74.45,268984.0
2023-03-01,131.5,134.9,129.85,130.95,839660,EQ,7701.0,109.03,337802.0
2023-03-02,131.5,136.0,130.5,135.3,664659,EQ,10625.0,62.56,211360.0
2023-03-03,136.1,139.8,134.85,137.35,592738,EQ,6278.0,94.42,209290.0
2023-03-06,138.15,144.4,136.55,141.9,963401,EQ,11437.0,84.24,291800.0
2023-03-08,141.6,146.15,138.85,144.45,642417,EQ,8964.0,71.67,218826.0
2023-03-09,145.1,148.4,142.9,143.65,770884,EQ,8244.0,93.51,213497.0
2023-03-10,141.2,144.7,139.3,143.65,483121,EQ,6307.0,76.6,159127.0
2023-03-13,143.25,147.5,136.5,137.45,712025,EQ,8042.0,88.54,256819.0
2023-03-14,138.8,141.4,135.5,139.85,500457,EQ,6790.0,73.71,130632.0
2023-03-15,141.0,143.7,139.65,140.45,320458,EQ,4539.0,70.6,121307.0
2023-03-16,141.0,142.4,135.15,140.2,543790,EQ,7857.0,69.21,169921.0
2023-03-17,142.0,150.6,142.0,149.7,1966009,EQ,18232.0,107.83,689155.0
2023-03-20,152.5,162.85,150.8,153.1,8409522,EQ,67155.0,125.23,1267181.0
2023-03-21,155.1,158.2,149.1,152.2,1994088,EQ,25941.0,76.87,317187.0
2023-03-22,153.9,153.9,145.1,145.85,1078492,EQ,11450.0,94.19,311757.0
2023-03-23,147.15,150.45,143.75,148.55,982889,EQ,11885.0,82.7,192134.0
2023-03-24,148.3,149.9,145.6,147.9,775653,EQ,9062.0,85.59,261180.0
2023-03-27,148.9,151.55,146.75,148.6,1743274,EQ,27417.0,63.58,352096.0
2023-03-28,150.0,151.0,145.05,150.4,692130,EQ,9258.0,74.76,189942.0
2023-03-29,150.9,152.0,147.25,148.35,604010,EQ,7295.0,82.8,282087.0
2023-03-31,149.7,151.45,146.6,147.45,613258,EQ,5703.0,107.53,225961.0
2023-04-03,147.35,149.5,146.7,148.4,422388,EQ,5131.0,82.32,161522.0
2023-04-05,148.2,150.0,147.0,147.45,438983,EQ,4503.0,97.49,170883.0
2023-04-06,147.95,148.3,144.25,145.75,470027,EQ,4207.0,111.72,237138.0
2023-04-10,145.5,149.75,145.5,147.9,421901,EQ,6535.0,64.56,157313.0
2023-04-11,148.3,149.5,147.05,148.05,256748,EQ,3809.0,67.41,82845.0
2023-04-12,148.8,153.9,148.4,152.55,864035,EQ,9461.0,91.33,315059.0
2023-04-13,152.9,153.8,151.45,152.45,317077,EQ,3988.0,79.51,157616.0
2023-04-17,152.0,155.8,150.05,154.25,449714,EQ,5892.0,76.33,195013.0
2023-04-18,155.0,157.3,150.25,151.55,566446,EQ,6542.0,86.59,249534.0
2023-04-19,151.7,153.45,147.1,147.85,546420,EQ,7345.0,74.39,229227.0
2023-04-20,148.75,151.4,146.25,150.4,386444,EQ,5275.0,73.26,130271.0
2023-04-21,151.0,151.0,145.55,146.85,263043,EQ,4224.0,62.27,113991.0
2023-04-24,147.35,148.35,145.05,147.3,219155,EQ,3449.0,63.54,94184.0
2023-04-25,148.2,149.55,145.55,146.6,240314,EQ,3394.0,70.81,85884.0
2023-04-26,146.8,147.9,145.8,146.25,172111,EQ,2300.0,74.83,84010.0
2023-04-27,145.25,147.8,145.25,146.2,124057,EQ,2521.0,49.21,53844.0
2023-04-28,146.8,149.8,146.8,148.85,295730,EQ,3277.0,90.24,123567.0
2023-05-02,149.8,156.8,149.75,153.35,937050,EQ,11485.0,81.59,463568.0
2023-05-03,152.8,158.6,151.6,156.3,510932,EQ,6246.0,81.8,214644.0
2023-05-04,156.7,157.0,153.55,155.4,245233,EQ,3890.0,63.04,112205.0
2023-05-05,155.75,155.95,151.55,152.15,183579,EQ,3296.0,55.7,96301.0
2023-05-08,152.95,155.0,151.65,153.8,292878,EQ,3337.0,87.77,165424.0
2023-05-09,154.3,158.0,153.75,155.1,436854,EQ,5892.0,74.14,205092.0
2023-05-10,156.5,173.35,156.5,168.6,4997001,EQ,43703.0,114.34,1025184.0
2023-05-11,168.95,176.3,164.55,171.0,2618516,EQ,26032.0,100.59,600489.0
2023-05-12,171.35,175.0,167.8,173.4,981845,EQ,9910.0,99.08,304260.0
2023-05-15,173.85,173.85,169.55,170.95,608254,EQ,6551.0,92.85,262612.0
2023-05-16,171.3,172.45,165.0,166.45,398606,EQ,5223.0,76.32,179045.0
2023-05-17,166.9,168.5,161.25,165.8,579155,EQ,6792.0,85.27,241135.0
2023-05-18,167.0,169.1,165.2,166.1,345187,EQ,4717.0,73.18,147278.0
2023-05-19,167.8,169.3,162.3,166.75,396927,EQ,5090.0,77.98,138074.0
2023-05-22,167.6,170.6,164.85,168.55,426943,EQ,4879.0,87.51,192076.0
2023-05-23,168.8,172.1,166.1,166.85,373625,EQ,5457.0,68.47,174405.0
2023-05-24,167.05,169.0,164.1,165.05,240623,EQ,3202.0,75.15,117525.0
2023-05-25,165.05,166.35,162.65,165.55,286809,EQ,3459.0,82.92,117195.0
2023-05-26,166.1,169.85,166.1,168.75,378849,EQ,4997.0,75.82,161626.0
2023-05-29,169.65,169.95,162.95,163.85,512129,EQ,6217.0,82.38,282492.0
2023-05-30,160.0,160.0,146.0,146.85,1507659,EQ,19997.0,75.39,667680.0
2023-05-31,146.9,152.85,143.55,145.65,607010,EQ,8813.0,68.88,204256.0
2023-06-01,145.7,146.95,143.25,143.5,246373,EQ,3695.0,66.68,120578.0
2023-06-02,144.5,149.15,143.75,144.55,533803,EQ,6858.0,77.84,225234.0
2023-06-05,145.2,146.85,138.75,142.1,639297,EQ,9468.0,67.52,269720.0
2023-06-06,142.7,147.4,142.7,145.95,666873,EQ,6211.0,107.37,265068.0
2023-06-07,146.4,147.45,144.0,146.45,545986,EQ,5807.0,94.02,271173.0
2023-06-08,147.0,155.5,146.7,151.05,1090336,EQ,11780.0,92.56,424798.0
2023-06-09,151.6,153.45,149.15,151.5,435939,EQ,5201.0,83.82,192672.0
2023-06-12,152.0,152.0,146.85,147.55,357668,EQ,5295.0,67.55,184774.0
2023-06-13,148.0,159.0,146.0,156.7,1238818,EQ,14344.0,86.36,464978.0
2023-06-14,158.0,161.15,155.55,156.05,607108,EQ,7687.0,78.98,261254.0
2023-06-15,157.3,169.0,156.0,166.45,2018334,EQ,21263.0,94.92,755073.0
2023-06-16,166.0,169.9,166.0,167.55,1027976,EQ,12033.0,85.43,344302.0
2023-06-19,167.55,168.0,162.95,165.15,319938,EQ,4784.0,66.88,141956.0
2023-06-20,163.6,165.7,160.2,161.15,722232,EQ,8510.0,84.87,184864.0
2023-06-21,161.2,165.8,161.1,164.25,336183,EQ,4579.0,73.42,156187.0
2023-06-22,164.25,164.75,158.25,160.8,240206,EQ,4009.0,59.92,104164.0
2023-06-23,158.6,160.6,157.0,157.75,169466,EQ,2875.0,58.94,70605.0
2023-06-26,157.8,165.7,155.4,162.2,969019,EQ,19518.0,49.65,248163.0
2023-06-27,162.8,164.45,161.45,163.25,224392,EQ,4499.0,49.88,88794.0
2023-06-28,162.9,163.8,160.2,162.15,246498,EQ,4284.0,57.54,93035.0
2023-06-30,161.5,163.6,160.0,160.75,160744,EQ,3154.0,50.97,73035.0
2023-07-03,161.2,173.4,160.55,168.55,1600323,EQ,18654.0,85.79,711178.0
2023-07-04,169.0,173.5,168.05,170.4,1146961,EQ,12012.0,95.48,384399.0
2023-07-05,171.0,196.8,171.0,190.45,7121603,EQ,59867.0,118.96,1483736.0
2023-07-06,190.45,197.0,186.1,187.9,1726519,EQ,18517.0,93.24,467653.0
2023-07-07,187.0,200.95,186.3,197.35,2733265,EQ,27540.0,99.25,690571.0
2023-07-10,197.4,205.35,193.4,200.7,1753466,EQ,18596.0,94.29,444133.0
2023-07-11,201.0,205.0,197.65,202.95,706666,EQ,8951.0,78.95,250599.0
2023-07-12,203.5,218.0,202.65,215.75,2083501,EQ,21069.0,98.89,693717.0
2023-07-13,215.0,218.5,193.3,201.55,2962175,EQ,27348.0,108.31,925616.0
2023-07-14,203.9,220.95,203.9,219.55,2951377,EQ,27187.0,108.56,799301.0
2023-07-17,220.55,231.9,219.55,225.3,2188282,EQ,20107.0,108.83,705670.0
2023-07-18,225.15,225.95,214.35,218.45,742890,EQ,9317.0,79.73,251840.0
2023-07-19,219.6,224.6,214.0,221.5,930515,EQ,11815.0,78.76,242052.0
2023-07-20,222.3,224.5,217.1,218.6,616122,EQ,7775.0,79.24,192955.0
2023-07-21,219.0,219.0,206.05,209.05,748217,EQ,9904.0,75.55,326951.0
2023-07-24,210.0,228.3,210.0,223.9,1623057,EQ,18899.0,85.88,595437.0
2023-07-25,225.5,225.55,219.0,222.0,557138,EQ,7634.0,72.98,184386.0
2023-07-26,221.85,222.95,214.0,216.9,341830,EQ,5303.0,64.46,147326.0
2023-07-27,218.0,219.0,213.1,215.05,267839,EQ,4008.0,66.83,109838.0
2023-07-28,215.2,223.0,212.8,222.2,567184,EQ,9196.0,61.68,176421.0
2023-07-31,221.9,237.5,220.8,229.15,2289287,EQ,23383.0,97.9,929079.0
2023-08-01,231.25,242.0,230.05,240.6,2054447,EQ,23889.0,86.0,760556.0
2023-08-02,241.95,248.8,232.2,241.8,2760748,EQ,29532.0,93.48,766889.0
2023-08-03,241.45,244.5,237.0,243.2,722323,EQ,10286.0,70.22,214439.0
2023-08-04,245.0,245.65,240.85,242.3,724123,EQ,9719.0,74.51,206843.0
2023-08-07,241.6,248.5,239.6,242.35,1002088,EQ,14251.0,70.32,300683.0
2023-08-08,242.4,242.8,234.25,240.05,901436,EQ,11541.0,78.11,318038.0
2023-08-09,240.05,243.7,236.25,242.2,649023,EQ,9976.0,65.06,226824.0
2023-08-10,242.25,243.7,210.9,214.75,2399732,EQ,30832.0,77.83,907279.0
2023-08-11,217.0,219.85,212.9,216.95,594327,EQ,10983.0,54.11,231890.0
2023-08-14,208.0,212.0,195.45,203.1,1483987,EQ,24315.0,61.03,582257.0
2023-08-16,201.0,207.25,199.35,200.7,483134,EQ,11261.0,42.9,187663.0
2023-08-17,201.95,207.0,194.8,196.1,616129,EQ,11936.0,51.62,260950.0
2023-08-18,196.0,204.0,195.9,199.95,681512,EQ,11069.0,61.57,201614.0
2023-08-21,199.95,207.5,194.9,199.65,516775,EQ,10746.0,48.09,182613.0
2023-08-22,200.0,204.35,196.2,196.8,531250,EQ,8886.0,59.79,179014.0
2023-08-23,198.0,206.95,198.0,203.2,727776,EQ,13466.0,54.05,243147.0
2023-08-24,204.7,208.45,200.0,201.5,392914,EQ,7959.0,49.37,149205.0
2023-08-25,201.5,203.95,197.1,197.85,262512,EQ,6045.0,43.43,83892.0
2023-08-28,197.85,202.5,196.75,197.95,278323,EQ,6476.0,42.98,81075.0
2023-08-29,199.45,204.95,199.4,204.0,299965,EQ,8059.0,37.22,113480.0
2023-08-30,205.8,209.95,203.3,206.35,616346,EQ,10074.0,61.18,208271.0
2023-08-31,208.0,211.5,198.1,200.9,636876,EQ,11049.0,57.64,249445.0
2023-09-01,202.0,213.25,202.0,204.6,1218144,EQ,17364.0,70.15,564331.0
2023-09-04,206.5,209.3,204.8,205.65,380712,EQ,6583.0,57.83,181655.0
2023-09-05,206.85,209.0,202.35,206.55,380630,EQ,8241.0,46.19,148690.0
2023-09-06,207.3,207.6,203.1,205.45,321321,EQ,7243.0,44.36,132132.0
2023-09-07,205.45,218.85,202.5,216.15,1762692,EQ,20331.0,86.7,593427.0
2023-09-08,218.0,220.0,213.25,214.85,644440,EQ,10968.0,58.76,276820.0
2023-09-11,215.15,219.25,212.6,214.95,500556,EQ,8170.0,61.27,211474.0
2023-09-12,216.4,216.95,197.95,199.2,682152,EQ,10500.0,64.97,261873.0
2023-09-13,200.0,205.1,195.05,199.7,465556,EQ,7653.0,60.83,164481.0
2023-09-14,201.95,208.2,201.75,204.4,356080,EQ,6295.0,56.57,135729.0
2023-09-15,205.8,211.0,201.5,208.8,459814,EQ,6384.0,72.03,220190.0
2023-09-18,208.75,208.8,202.05,203.25,200180,EQ,3578.0,55.95,87484.0
2023-09-20,203.0,204.95,201.0,201.4,132537,EQ,2839.0,46.68,56678.0
2023-09-21,201.4,203.3,198.0,201.2,147935,EQ,2975.0,49.73,67975.0
2023-09-22,199.6,202.65,197.7,199.4,213781,EQ,4289.0,49.84,85341.0
2023-09-25,200.9,202.0,198.1,199.0,110169,EQ,2414.0,45.64,48087.0
2023-09-26,199.9,203.75,198.5,199.2,154840,EQ,3891.0,39.79,57697.0
2023-09-27,200.75,200.8,198.4,199.65,103705,EQ,2769.0,37.45,40329.0
2023-09-28,200.3,202.7,197.1,200.55,190180,EQ,4402.0,43.2,84609.0
2023-09-29,201.9,202.55,199.0,199.3,138656,EQ,3398.0,40.81,40823.0
2023-10-03,199.3,200.9,194.05,195.4,222765,EQ,5101.0,43.67,110280.0
2023-10-04,195.4,195.5,190.0,191.55,190464,EQ,5136.0,37.08,92388.0
2023-10-05,192.35,196.4,191.05,191.45,180116,EQ,3461.0,52.04,73205.0
2023-10-06,192.4,198.8,192.4,197.2,224717,EQ,4537.0,49.53,76401.0
2023-10-09,197.0,197.0,191.05,191.65,199083,EQ,5106.0,38.99,67736.0
2023-10-10,193.4,199.95,192.15,198.35,269518,EQ,6371.0,42.3,101682.0
2023-10-11,199.9,201.25,194.95,195.8,447278,EQ,10396.0,43.02,125583.0
2023-10-12,196.9,201.65,196.2,199.25,413283,EQ,9745.0,42.41,105803.0
2023-10-13,198.5,199.9,195.75,196.7,220530,EQ,5019.0,43.94,96585.0
2023-10-16,197.15,197.45,193.65,194.25,152744,EQ,2549.0,59.92,76021.0
2023-10-17,195.55,204.25,195.55,200.1,625439,EQ,10613.0,58.93,208195.0
2023-10-18,201.05,202.7,196.3,197.8,300480,EQ,7199.0,41.74,89213.0
2023-10-19,197.15,197.6,189.15,190.35,506498,EQ,8868.0,57.12,303047.0
2023-10-20,189.0,191.4,180.85,181.5,639297,EQ,11849.0,53.95,352207.0
2023-10-23,182.9,183.3,170.25,171.9,438945,EQ,10105.0,43.44,210965.0
2023-10-25,172.4,176.85,165.05,167.5,419235,EQ,9262.0,45.26,163346.0
2023-10-26,166.0,166.45,159.05,164.55,445703,EQ,13747.0,32.42,224125.0
2023-10-27,167.0,175.2,167.0,172.5,341708,EQ,9706.0,35.21,102513.0
2023-10-30,173.0,174.0,168.05,169.2,215530,EQ,5106.0,42.21,99476.0
2023-10-31,169.45,175.25,169.45,171.35,206951,EQ,4666.0,44.35,84225.0
2023-11-01,172.6,172.6,166.45,167.8,216486,EQ,4823.0,44.89,88317.0
2023-11-02,169.1,175.05,168.95,173.85,181959,EQ,4927.0,36.93,54277.0
2023-11-03,174.75,178.75,173.05,175.05,222615,EQ,6620.0,33.63,97318.0
2023-11-06,176.0,179.0,174.4,177.85,207634,EQ,5125.0,40.51,95514.0
2023-11-07,178.75,182.0,175.45,178.15,216136,EQ,4700.0,45.99,105098.0
2023-11-08,178.15,181.65,177.7,178.6,161029,EQ,4197.0,38.37,75960.0
2023-11-09,179.4,179.85,175.85,177.35,121748,EQ,3315.0,36.73,56251.0
2023-11-10,176.85,176.95,173.25,175.0,140588,EQ,3668.0,38.33,61946.0
2023-11-12,176.95,180.3,176.0,179.15,72585,EQ,2113.0,34.35,37826.0
2023-11-13,179.15,179.15,176.5,177.35,63594,EQ,2558.0,24.86,32557.0
2023-11-15,180.0,198.9,176.95,196.1,1466739,EQ,22169.0,66.16,430591.0
2023-11-16,196.8,205.0,196.4,199.95,1642540,EQ,26303.0,62.45,417290.0
2023-11-17,200.0,201.75,193.1,194.4,289590,EQ,7519.0,38.51,103622.0
2023-11-20,195.3,195.45,187.05,187.75,244439,EQ,7619.0,32.08,116103.0
2023-11-21,188.25,208.0,188.1,204.4,1794631,EQ,31666.0,56.67,448205.0
2023-11-22,205.35,208.4,199.75,202.05,837029,EQ,15577.0,53.73,297222.0
2023-11-23,202.3,202.9,195.6,196.4,555413,EQ,9123.0,60.88,287983.0
2023-11-24,197.25,198.55,192.95,194.6,378472,EQ,7858.0,48.16,176932.0
2023-11-28,194.6,202.1,194.6,197.05,401691,EQ,10980.0,36.58,116659.0
2023-11-29,198.6,199.65,193.5,194.45,236293,EQ,6384.0,37.01,119359.0
2023-11-30,194.7,196.8,193.9,194.45,142030,EQ,5004.0,28.38,55445.0
2023-12-01,195.6,198.45,192.0,193.25,206927,EQ,7211.0,28.7,90778.0
2023-12-04,196.5,202.3,193.3,199.3,624255,EQ,15492.0,40.3,273430.0
2023-12-05,204.0,207.65,200.35,203.45,1692323,EQ,29224.0,57.91,651624.0
2023-12-06,203.7,210.8,200.7,205.95,1308033,EQ,21630.0,60.47,615278.0
2023-12-07,208.9,210.1,206.15,208.6,760132,EQ,12438.0,61.11,344277.0
2023-12-08,209.0,210.4,205.55,206.7,508527,EQ,7840.0,64.86,261166.0
2023-12-11,208.05,210.95,205.7,206.65,426145,EQ,7783.0,54.75,199668.0
2023-12-12,207.05,208.1,198.95,199.75,442676,EQ,10698.0,41.38,198008.0
2023-12-13,201.0,203.5,199.35,201.9,266722,EQ,8536.0,31.25,113059.0
2023-12-14,204.95,205.3,200.0,201.1,221035,EQ,5090.0,43.43,111429.0
2023-12-15,202.0,229.5,200.5,222.5,8181663,EQ,127066.0,64.39,1605959.0
2023-12-18,224.0,232.0,220.3,226.3,1890246,EQ,40283.0,46.92,644303.0
2023-12-19,226.0,229.45,221.9,224.25,740293,EQ,18171.0,40.74,267858.0
2023-12-20,224.1,226.0,201.0,204.55,1068476,EQ,24595.0,43.44,396347.0
2023-12-21,197.5,216.0,197.5,212.4,722150,EQ,20014.0,36.08,192425.0
2023-12-22,213.45,217.95,208.0,209.95,611592,EQ,16129.0,37.92,261301.0
2023-12-26,211.1,218.5,210.55,213.8,665797,EQ,16627.0,40.04,287725.0
2023-12-27,213.9,222.0,211.95,214.1,642675,EQ,20438.0,31.45,245411.0
2023-12-28,214.25,217.9,211.5,212.6,505117,EQ,14107.0,35.81,209531.0
2023-12-29,212.4,212.75,206.95,209.35,571849,EQ,17204.0,33.24,207701.0
2024-01-01,211.3,217.9,204.3,212.6,497003,EQ,14929.0,33.29,163283.0
2024-01-02,212.8,215.25,207.55,210.1,513436,EQ,12038.0,42.65,189601.0
2024-01-03,210.1,211.4,205.15,207.8,457484,EQ,12346.0,37.06,189751.0
2024-01-04,208.0,211.2,206.2,207.6,332178,EQ,9143.0,36.33,138082.0
2024-01-05,207.6,214.6,206.3,208.9,785753,EQ,17317.0,45.37,293106.0
2024-01-08,208.9,209.7,202.95,204.9,336531,EQ,9635.0,34.93,152345.0
2024-01-09,206.25,208.0,204.5,205.3,201635,EQ,5272.0,38.25,88803.0
2024-01-10,205.3,213.55,203.25,208.0,537158,EQ,14261.0,37.67,169210.0
2024-01-11,209.5,219.25,207.55,217.2,610258,EQ,13044.0,46.78,305821.0
2024-01-12,218.0,225.0,214.2,215.75,1133371,EQ,23597.0,48.03,358841.0
2024-01-15,216.75,216.75,210.8,212.6,298332,EQ,9625.0,31.0,127693.0
2024-01-16,213.6,225.0,207.4,223.35,1857188,EQ,37399.0,49.66,577250.0
2024-01-17,220.1,234.5,219.1,230.9,2966813,EQ,63352.0,46.83,890832.0
2024-01-18,231.1,235.3,216.65,223.6,1434391,EQ,38455.0,37.3,441777.0
2024-01-19,225.2,226.7,219.75,220.8,483644,EQ,14390.0,33.61,199151.0
2024-01-20,222.3,234.9,221.15,230.75,1288991,EQ,28573.0,45.11,411167.0
2024-01-23,231.9,242.0,221.6,225.6,971590,EQ,24602.0,39.49,375849.0
2024-01-24,226.05,234.4,223.2,231.8,685388,EQ,20476.0,33.47,228297.0
2024-01-25,234.0,236.9,228.2,233.35,553104,EQ,14907.0,37.1,220825.0
2024-01-29,234.0,236.9,225.2,227.45,382426,EQ,10899.0,35.09,180043.0
2024-01-30,228.7,244.3,222.4,239.95,2157991,EQ,40127.0,53.78,924259.0
2024-01-31,241.5,243.65,234.3,236.7,705592,EQ,15914.0,44.34,318246.0
2024-02-01,237.7,237.7,227.85,233.1,544416,EQ,15770.0,34.52,218060.0
2024-02-02,234.0,243.45,230.0,234.7,1132578,EQ,27012.0,41.93,338443.0
2024-02-05,235.0,237.25,227.7,230.05,595503,EQ,15143.0,39.33,252662.0
2024-02-06,229.0,240.0,226.7,237.75,668625,EQ,18143.0,36.85,250434.0
2024-02-07,237.75,241.1,231.55,232.65,409342,EQ,11708.0,34.96,178563.0
2024-02-08,233.85,235.85,228.9,230.3,485708,EQ,12086.0,40.19,187890.0
2024-02-09,230.0,232.05,217.7,221.0,494019,EQ,17572.0,28.11,199210.0
2024-02-12,210.0,211.95,199.0,200.65,770658,EQ,19410.0,39.7,352828.0
2024-02-13,201.55,203.9,192.7,201.6,456953,EQ,16053.0,28.47,160013.0
2024-02-14,200.0,204.2,197.05,201.35,414091,EQ,13298.0,31.14,156701.0
2024-02-15,202.8,216.8,202.65,214.85,576914,EQ,15998.0,36.06,232076.0
2024-02-16,214.95,218.55,207.5,208.9,363761,EQ,10577.0,34.39,186326.0
2024-02-19,210.55,218.4,210.45,211.75,287750,EQ,11764.0,24.46,111785.0
2024-02-20,210.5,213.95,209.1,210.6,189510,EQ,6338.0,29.9,79097.0
2024-02-21,210.95,214.9,208.25,209.25,300356,EQ,9151.0,32.82,133443.0
2024-02-22,210.6,212.8,207.35,210.3,145716,EQ,6634.0,21.97,40011.0
2024-02-23,210.3,212.9,208.4,208.9,125458,EQ,4843.0,25.91,47586.0
2024-02-26,208.9,213.95,207.35,208.5,234634,EQ,8808.0,26.64,103333.0
2024-02-27,209.2,209.85,203.2,203.95,484365,EQ,10898.0,44.45,114453.0
2024-02-28,205.6,209.85,195.75,198.55,335991,EQ,8943.0,37.57,177040.0
2024-02-29,198.5,203.0,193.5,199.9,254843,EQ,8508.0,29.95,105113.0
2024-03-01,200.05,208.25,200.05,203.45,359442,EQ,10715.0,33.55,120782.0
2024-03-02,204.05,209.9,203.8,209.25,104566,EQ,1462.0,71.52,68689.0
2024-03-04,210.0,210.3,205.2,206.85,236124,EQ,7528.0,31.37,84451.0
2024-03-05,205.9,213.5,205.7,212.4,590644,EQ,14050.0,42.04,325866.0
2024-03-06,212.15,212.15,200.8,203.7,324179,EQ,11509.0,28.17,121810.0
2024-03-07,205.4,207.45,202.2,203.55,181437,EQ,5730.0,31.66,72846.0
2024-03-11,202.9,203.85,195.25,196.5,252640,EQ,8160.0,30.96,117472.0
2024-03-12,198.0,199.7,193.0,195.4,311155,EQ,9095.0,34.21,133986.0
2024-03-13,196.0,196.75,178.0,181.85,617442,EQ,15915.0,38.8,330899.0
2024-03-14,184.1,193.0,175.0,190.15,263837,EQ,11098.0,23.77,95876.0
2024-03-15,188.65,193.95,182.05,183.95,311136,EQ,10243.0,30.38,149117.0
2024-03-18,183.95,188.6,183.95,186.0,167796,EQ,7344.0,22.85,63543.0
2024-03-19,184.25,189.7,181.6,182.9,200888,EQ,7945.0,25.28,96691.0
2024-03-20,183.9,191.0,182.5,186.4,252954,EQ,10486.0,24.12,106551.0
2024-03-21,187.75,192.4,187.75,189.75,175409,EQ,5001.0,35.07,78790.0
2024-03-22,189.0,197.95,188.55,193.65,284464,EQ,9085.0,31.31,120554.0
2024-03-26,193.65,196.05,191.05,191.5,148601,EQ,4106.0,36.19,70388.0
2024-03-27,191.5,195.0,183.05,185.3,554548,EQ,15392.0,36.03,302646.0
2024-03-28,188.75,191.55,185.3,186.15,422980,EQ,8573.0,49.34,271624.0
2024-04-01,187.0,200.0,187.0,198.45,460718,EQ,11899.0,38.72,242819.0
2024-04-02,200.5,204.8,198.85,203.6,464762,EQ,12052.0,38.56,228584.0
2024-04-03,202.6,206.65,200.4,204.55,216770,EQ,8439.0,25.69,96901.0
2024-04-04,207.6,207.8,201.35,203.5,135426,EQ,4158.0,32.57,62184.0
2024-04-05,203.25,207.1,202.8,205.85,181708,EQ,4603.0,39.48,76285.0
2024-04-08,209.0,209.0,198.3,199.1,341455,EQ,11282.0,30.27,193219.0
2024-04-09,199.4,206.45,199.3,204.85,328285,EQ,10613.0,30.93,116200.0
2024-04-10,205.0,221.55,203.0,219.5,2648790,EQ,45203.0,58.6,730022.0
2024-04-12,219.5,221.8,215.2,216.35,696925,EQ,15802.0,44.1,304285.0
2024-04-15,211.8,216.2,204.0,210.75,470439,EQ,14547.0,32.34,147954.0
2024-04-16,208.4,215.95,207.6,213.2,185129,EQ,4703.0,39.36,71550.0
2024-04-18,214.5,217.8,208.15,209.1,459048,EQ,11877.0,38.65,190323.0
2024-04-19,205.05,208.55,198.95,205.3,542138,EQ,14004.0,38.71,210317.0
2024-04-22,208.0,214.45,208.0,210.85,330418,EQ,7092.0,46.59,154416.0
2024-04-23,209.9,211.55,206.1,208.35,392086,EQ,8436.0,46.48,170223.0
2024-04-24,210.5,219.35,210.0,214.75,717395,EQ,15105.0,47.49,286754.0
2024-04-25,219.7,222.25,215.2,216.4,753078,EQ,13105.0,57.46,297087.0
2024-04-26,217.6,220.05,212.85,214.35,301416,EQ,7483.0,40.28,158037.0
2024-04-29,215.95,217.1,213.1,215.0,202594,EQ,4760.0,42.56,101086.0
2024-04-30,215.95,226.05,214.7,218.35,1062940,EQ,19806.0,53.67,454802.0
2024-05-02,218.2,222.55,217.45,218.6,340076,EQ,9980.0,34.08,146884.0
2024-05-03,220.0,220.45,212.6,214.05,289396,EQ,8509.0,34.01,134768.0
2024-05-06,215.0,216.15,207.9,209.35,212699,EQ,7473.0,28.46,100783.0
2024-05-07,209.35,210.6,204.05,206.85,157719,EQ,7694.0,20.5,72353.0
2024-05-08,206.85,210.4,203.6,204.65,220932,EQ,9512.0,23.23,102821.0
2024-05-09,205.55,206.1,198.1,200.55,163291,EQ,7291.0,22.4,97250.0
2024-05-10,202.75,205.25,199.2,202.8,116928,EQ,5378.0,21.74,53881.0
2024-05-13,202.5,203.6,198.15,202.15,114355,EQ,4183.0,27.34,48480.0
2024-05-14,201.8,207.9,201.4,206.55,164134,EQ,5768.0,28.46,69568.0
2024-05-15,205.3,209.3,203.5,204.4,123962,EQ,4363.0,28.41,53548.0
2024-05-16,205.6,207.85,202.8,204.1,130617,EQ,4330.0,30.17,64081.0
2024-05-17,204.9,209.2,204.85,207.1,153585,EQ,4171.0,36.82,80014.0
2024-05-18,207.9,210.4,204.2,209.5,40989,EQ,831.0,49.32,23393.0
2024-05-21,211.0,226.0,208.55,222.7,1023812,EQ,18748.0,54.61,530022.0
2024-05-22,223.7,233.4,216.7,228.0,1561563,EQ,27383.0,57.03,643886.0
2024-05-23,226.65,227.7,221.95,224.6,233217,EQ,8064.0,28.92,112159.0
2024-05-24,224.95,236.05,221.5,226.6,696301,EQ,15166.0,45.91,279428.0
2024-05-27,224.5,224.5,214.55,215.7,319258,EQ,10593.0,30.14,131399.0
2024-05-28,215.7,217.4,208.5,209.65,258939,EQ,7199.0,35.97,116470.0
2024-05-29,209.5,214.9,207.95,210.8,118577,EQ,5070.0,23.39,48515.0
2024-05-30,210.2,210.9,208.0,208.95,86562,EQ,2798.0,30.94,48118.0
2024-05-31,208.95,215.5,207.8,211.2,174448,EQ,4946.0,35.27,81370.0
2024-06-03,220.0,221.15,210.0,211.5,291489,EQ,8254.0,35.31,159672.0
2024-06-04,209.0,209.0,182.2,186.9,505789,EQ,13657.0,37.04,257046.0
2024-06-05,189.5,202.0,186.1,200.3,164864,EQ,6809.0,24.21,55085.0
2024-06-06,202.1,211.0,202.0,207.0,154775,EQ,5800.0,26.69,66235.0
2024-06-07,207.45,208.35,204.35,206.7,126771,EQ,4213.0,30.09,66736.0
2024-06-10,209.55,212.25,207.13,209.25,125646,EQ,3372.0,37.26,57993.0
2024-06-11,211.22,215.0,209.6,211.65,142614,EQ,3842.0,37.12,69646.0
2024-06-12,211.8,215.0,208.43,212.32,210238,EQ,5450.0,38.58,84400.0
2024-06-13,212.4,216.0,208.6,210.02,153353,EQ,5085.0,30.16,63086.0
2024-06-14,210.1,218.5,210.1,212.57,304886,EQ,7184.0,42.44,132604.0
2024-06-18,212.57,219.75,212.1,217.27,519328,EQ,9385.0,55.34,293663.0
2024-06-19,218.87,218.88,212.34,213.58,168838,EQ,5492.0,30.74,82015.0
2024-06-20,214.35,218.44,212.6,213.9,346491,EQ,7793.0,44.46,177519.0
2024-06-21,214.7,217.8,211.33,214.84,187305,EQ,7105.0,26.36,64724.0
2024-06-24,213.56,215.0,208.99,213.73,151819,EQ,5468.0,27.76,55098.0
2024-06-25,214.9,222.7,213.92,215.09,494930,EQ,14456.0,34.24,201940.0
2024-06-26,217.39,217.39,212.57,214.57,224643,EQ,5675.0,39.58,118186.0
2024-06-27,215.8,216.28,210.05,211.48,170363,EQ,5382.0,31.65,96620.0
2024-06-28,212.5,213.95,210.05,212.97,139558,EQ,5340.0,26.13,59514.0
2024-07-01,213.8,231.35,213.01,225.01,1410643,EQ,31014.0,45.48,647154.0
2024-07-02,227.16,245.25,224.75,234.09,4458966,EQ,61269.0,72.78,1141797.0
2024-07-03,237.7,241.39,230.63,233.3,790037,EQ,15662.0,50.44,317223.0
2024-07-04,235.0,268.0,234.9,252.2,10765950,EQ,116395.0,92.49,2093217.0
2024-07-05,258.4,265.0,252.7,260.84,2268770,EQ,30273.0,74.94,775437.0
2024-07-08,265.0,274.79,262.6,265.84,1410838,EQ,24616.0,57.31,601208.0
2024-07-09,265.0,265.2,260.0,261.08,580335,EQ,9325.0,62.23,264419.0
2024-07-10,261.26,265.39,252.14,264.36,914613,EQ,19595.0,46.68,273622.0
2024-07-11,266.3,266.7,258.0,259.21,375599,EQ,8890.0,42.25,154349.0
2024-07-12,259.95,271.79,254.37,265.09,827860,EQ,20097.0,41.19,256305.0
2024-07-15,265.95,266.04,256.01,256.8,326406,EQ,9968.0,32.75,123157.0
2024-07-16,256.8,258.91,250.0,250.32,335706,EQ,9368.0,35.84,176848.0
2024-07-18,249.99,253.53,242.35,243.16,425050,EQ,11254.0,37.77,199356.0
2024-07-19,243.45,261.8,243.45,247.62,1492688,EQ,32648.0,45.72,340265.0
2024-07-22,245.0,250.5,241.23,245.98,256711,EQ,9327.0,27.52,92586.0
2024-07-23,246.9,248.59,233.1,242.53,583039,EQ,12970.0,44.95,283907.0
2024-07-24,242.9,254.4,242.75,246.51,329506,EQ,11606.0,28.39,111934.0
2024-07-25,242.79,252.95,242.1,250.63,373302,EQ,11490.0,32.49,176245.0
2024-07-26,252.0,255.8,247.5,249.35,308286,EQ,9113.0,33.83,147508.0
2024-07-29,249.35,252.2,245.25,246.66,271728,EQ,7282.0,37.32,155621.0
2024-07-30,245.7,251.9,244.69,248.12,252610,EQ,8932.0,28.28,101149.0
2024-07-31,248.12,257.38,248.11,252.66,506771,EQ,14556.0,34.82,196251.0
2024-08-01,257.5,274.95,252.8,264.3,3213533,EQ,71636.0,44.86,1141323.0
2024-08-02,265.85,265.85,257.3,258.55,578511,EQ,18747.0,30.86,237839.0
2024-08-05,251.15,251.15,234.05,236.7,730989,EQ,29130.0,25.09,250516.0
2024-08-06,238.45,245.1,233.3,235.45,480978,EQ,14399.0,33.4,247174.0
2024-08-07,240.15,243.05,236.1,240.45,232737,EQ,9166.0,25.39,94373.0
2024-08-08,239.4,241.6,236.05,237.1,230946,EQ,8264.0,27.95,115153.0
2024-08-09,239.65,240.8,234.1,235.0,313918,EQ,11082.0,28.33,146342.0
2024-08-12,234.7,234.7,224.95,229.85,244936,EQ,11533.0,21.24,115971.0
2024-08-13,228.0,231.4,217.9,219.3,297844,EQ,10294.0,28.93,160840.0
2024-08-14,221.45,221.5,213.45,214.4,214341,EQ,9346.0,22.93,102321.0
2024-08-16,215.5,219.0,213.05,215.25,263114,EQ,8147.0,32.3,160288.0
2024-08-19,215.3,223.25,215.3,220.2,328217,EQ,8644.0,37.97,147929.0
2024-08-20,223.45,223.45,218.7,219.7,173702,EQ,7232.0,24.02,85636.0
2024-08-21,219.7,223.1,219.7,221.25,171941,EQ,5010.0,34.32,77845.0
2024-08-22,223.5,232.9,221.95,227.45,470985,EQ,10845.0,43.43,200445.0
2024-08-23,228.55,233.95,224.05,231.4,242749,EQ,7732.0,31.4,125904.0
2024-08-26,232.0,238.35,231.2,232.6,562011,EQ,12982.0,43.29,351792.0
2024-08-27,232.5,233.7,228.0,230.1,192538,EQ,5542.0,34.74,101114.0
2024-08-28,231.1,231.2,223.9,224.85,211823,EQ,7820.0,27.09,110667.0
2024-08-29,223.0,224.95,216.5,217.35,346056,EQ,9280.0,37.29,180488.0
2024-08-30,217.35,219.95,213.85,215.25,302673,EQ,8512.0,35.56,176640.0
2024-09-02,216.0,218.97,212.04,214.79,253105,EQ,6909.0,36.63,125057.0
2024-09-03,216.06,216.2,211.35,212.26,238602,EQ,5048.0,47.27,142053.0
2024-09-04,210.0,212.0,205.25,209.84,353048,EQ,4985.0,70.82,212727.0
2024-09-05,212.0,213.6,208.1,209.49,251053,EQ,5179.0,48.48,148142.0
2024-09-06,210.6,211.35,205.79,208.12,217890,EQ,6817.0,31.96,94426.0
2024-09-09,206.6,207.98,203.0,205.29,275494,EQ,4285.0,64.29,188777.0
2024-09-10,207.65,214.0,205.88,210.85,1208247,EQ,9396.0,128.59,1007040.0
2024-09-11,211.3,211.4,206.0,207.26,192158,EQ,5646.0,34.03,94195.0
2024-09-12,208.0,211.34,206.32,208.24,253795,EQ,6304.0,40.26,128414.0
2024-09-13,208.9,215.69,208.74,212.77,265036,EQ,6901.0,38.41,124585.0
2024-09-16,214.0,220.0,212.77,218.96,557827,EQ,12789.0,43.62,233909.0
2024-09-17,220.4,221.75,212.55,214.65,384920,EQ,7675.0,50.15,176557.0
2024-09-18,214.67,218.0,211.64,213.97,308746,EQ,7801.0,39.58,143745.0
2024-09-19,214.9,215.88,206.1,208.44,229989,EQ,6067.0,37.91,105856.0
2024-09-20,208.6,215.0,208.03,213.9,341107,EQ,8262.0,41.29,142671.0
2024-09-23,215.85,218.0,211.11,217.28,315841,EQ,6636.0,47.6,184261.0
2024-09-24,216.0,229.8,216.0,227.95,1443862,EQ,22333.0,64.65,427927.0
2024-09-25,228.0,243.0,228.0,240.15,1621324,EQ,34465.0,47.04,668559.0
2024-09-26,243.6,248.4,238.21,246.15,1220705,EQ,25980.0,46.99,411502.0
2024-09-27,246.0,249.0,241.14,242.52,457851,EQ,11176.0,40.97,176725.0
2024-09-30,243.0,249.5,241.81,244.09,485382,EQ,12003.0,40.44,173971.0
2024-10-01,244.09,246.13,236.8,243.81,371676,EQ,4865.0,76.4,142903.0
2024-10-03,240.0,243.33,226.77,229.81,600022,EQ,7553.0,79.44,320144.0
2024-10-04,230.01,239.37,225.81,229.14,519814,EQ,6916.0,75.16,215069.0
2024-10-07,228.79,228.79,209.01,211.65,497873,EQ,7016.0,70.96,229228.0
2024-10-08,213.95,218.01,209.42,217.22,235742,EQ,3359.0,70.18,88787.0
2024-10-09,217.0,225.76,216.61,218.73,254621,EQ,3969.0,64.15,123292.0
2024-10-10,220.35,223.4,216.25,217.55,166087,EQ,2488.0,66.76,86573.0
2024-10-11,218.55,228.0,218.1,222.37,348084,EQ,5639.0,61.73,120298.0
2024-10-14,227.6,230.0,221.8,227.34,260843,EQ,4273.0,61.04,96593.0
2024-10-15,225.99,226.9,223.0,223.78,155760,EQ,2461.0,63.29,76095.0
2024-10-16,223.0,225.1,221.2,222.66,89702,EQ,1660.0,54.04,41639.0
2024-10-17,222.9,223.25,213.55,214.88,176776,EQ,2760.0,64.05,96610.0
2024-10-18,211.65,220.8,209.1,218.65,209016,EQ,5191.0,40.27,104941.0
2024-10-21,219.5,220.7,211.0,212.75,167855,EQ,3374.0,49.75,65190.0
2024-10-22,213.0,213.0,199.0,201.86,477385,EQ,6583.0,72.52,258191.0
2024-10-23,202.0,206.39,198.61,202.0,242891,EQ,4521.0,53.73,137093.0
2024-10-24,203.46,204.0,197.0,199.31,138480,EQ,3012.0,45.98,68316.0
2024-10-25,201.3,202.0,194.0,198.5,231445,EQ,3410.0,67.87,147303.0
2024-10-28,199.95,205.55,195.72,200.12,162833,EQ,3400.0,47.89,66307.0
2024-10-29,201.0,204.49,198.41,203.43,108253,EQ,2710.0,39.95,44035.0
2024-10-30,204.0,208.34,202.3,205.08,118264,EQ,2801.0,42.22,42227.0
2024-10-31,204.7,207.9,203.45,204.71,72057,EQ,1718.0,41.94,41706.0
2024-11-01,204.0,208.48,203.2,206.3,37763,EQ,826.0,45.72,19993.0
2024-11-04,206.3,208.31,201.28,202.69,65796,EQ,1917.0,34.32,30290.0
2024-11-05,200.65,225.0,200.65,213.96,675603,EQ,8010.0,84.34,155167.0
2024-11-06,216.0,217.35,210.4,215.07,265546,EQ,4661.0,56.97,96838.0
2024-11-07,215.0,216.0,212.2,213.86,150439,EQ,3075.0,48.92,65214.0
2024-11-08,212.25,218.81,209.81,214.9,181904,EQ,3049.0,59.66,92120.0
2024-11-11,214.0,216.27,210.15,212.29,145250,EQ,2448.0,59.33,80896.0
2024-11-12,212.95,215.0,203.0,204.57,131094,EQ,3151.0,41.6,57520.0
2024-11-13,207.64,207.64,197.0,198.46,210477,EQ,4234.0,49.71,116364.0
2024-11-14,199.4,204.75,197.1,197.99,128762,EQ,2146.0,60.0,74365.0
2024-11-18,197.99,202.5,192.0,197.26,359701,EQ,4123.0,87.24,209647.0
2024-11-19,198.1,202.95,196.1,197.92,113216,EQ,2513.0,45.05,52213.0
2024-11-21,197.92,198.06,188.15,194.59,266014,EQ,4098.0,64.91,141200.0
2024-11-22,195.19,197.3,193.32,196.67,120332,EQ,2074.0,58.02,77270.0
2024-11-25,199.5,202.29,198.41,200.12,138177,EQ,2766.0,49.96,74060.0
2024-11-26,199.6,204.7,198.5,200.11,95654,EQ,2120.0,45.12,48790.0
2024-11-27,200.11,204.0,200.11,202.99,95876,EQ,1956.0,49.02,40854.0
2024-11-28,202.5,207.8,202.41,205.19,162242,EQ,3518.0,46.12,89130.0
2024-11-29,208.3,218.8,204.51,213.93,544541,EQ,7578.0,71.86,219034.0
2024-12-02,213.0,216.98,212.99,216.02,260781,EQ,2569.0,101.51,171855.0
2024-12-03,214.2,219.9,214.0,215.61,193433,EQ,2875.0,67.28,101422.0
2024-12-04,215.61,220.98,213.5,216.59,135187,EQ,2058.0,65.69,59834.0
2024-12-05,217.34,217.54,214.5,215.22,148601,EQ,1693.0,87.77,78368.0
2024-12-06,216.0,220.27,215.0,216.57,243919,EQ,4438.0,54.96,125106.0
2024-12-09,217.0,225.0,216.58,222.73,319130,EQ,3752.0,85.06,130290.0
2024-12-10,222.3,227.21,208.15,221.37,1681025,EQ,11305.0,148.7,906135.0
2024-12-11,226.65,263.4,226.65,259.72,8404781,EQ,76906.0,109.29,1584375.0
2024-12-12,257.38,263.0,252.39,256.36,1985164,EQ,23853.0,83.22,565892.0
2024-12-13,254.0,280.0,250.41,275.02,4540405,EQ,43440.0,104.52,1118436.0
2024-12-16,276.0,284.0,269.1,277.34,2339823,EQ,27550.0,84.93,709984.0
2024-12-17,277.34,278.05,269.73,270.68,716746,EQ,9166.0,78.2,280766.0
2024-12-18,274.74,277.43,266.25,272.7,817166,EQ,10817.0,75.54,277006.0
2024-12-19,272.7,287.5,267.1,284.88,2142246,EQ,24788.0,86.42,722803.0
2024-12-20,284.99,306.0,277.25,282.98,6651950,EQ,65598.0,101.4,1339369.0
2024-12-23,286.0,286.52,272.84,279.05,847955,EQ,9394.0,90.27,302158.0
2024-12-24,280.0,288.4,278.81,283.51,883376,EQ,9847.0,89.71,274993.0
2024-12-26,285.0,285.05,265.15,267.44,677412,EQ,8753.0,77.39,214444.0
2024-12-27,269.0,269.38,251.03,256.72,739346,EQ,8853.0,83.51,361081.0
2024-12-30,256.8,268.02,255.05,258.12,597033,EQ,8705.0,68.59,165325.0
2024-12-31,257.6,257.6,245.21,251.38,184253,BE,1141.0,161.48,184253.0
2025-01-01,257.8,263.95,246.15,263.95,120359,BE,624.0,192.88,120359.0
2025-01-02,276.8,277.1,260.0,277.1,360158,BE,1927.0,186.9,360158.0
2025-01-03,277.1,290.95,275.2,290.95,346353,BE,1582.0,218.93,346353.0
2025-01-06,305.45,305.45,283.0,301.45,828967,BE,4009.0,206.78,828967.0
2025-01-07,305.0,308.3,294.0,297.55,296837,BE,2591.0,114.56,296837.0
2025-01-08,295.0,311.45,290.1,300.75,448634,BE,2720.0,164.94,448634.0
2025-01-09,300.75,305.0,290.1,294.85,159326,BE,1134.0,140.5,159326.0
2025-01-10,296.7,297.0,280.1,289.6,218860,BE,2450.0,89.33,218860.0
2025-01-13,282.95,287.5,275.15,275.15,114358,BE,852.0,134.22,114358.0
2025-01-14,275.15,287.0,267.35,284.2,179628,BE,1084.0,165.71,179628.0
2025-01-15,287.0,294.7,281.2,286.15,99056,BE,782.0,126.67,99056.0
2025-01-16,285.55,294.9,283.15,287.8,85500,BE,766.0,111.62,85500.0
2025-01-17,289.9,298.75,285.0,290.5,95874,BE,971.0,98.74,95874.0
2025-01-20,291.0,296.45,285.7,287.0,114714,BE,988.0,116.11,114714.0
2025-01-21,288.0,294.75,277.3,279.9,170551,BE,1062.0,160.59,170551.0
2025-01-22,282.5,284.5,265.9,272.1,135266,BE,1015.0,133.27,135266.0
2025-01-23,272.0,278.4,269.5,271.5,40781,BE,902.0,45.21,40781.0
2025-01-24,270.0,276.0,260.0,263.4,101310,BE,1320.0,76.75,101310.0
2025-01-27,259.1,261.0,250.25,250.25,112302,BE,1203.0,93.35,112302.0
2025-01-28,245.0,257.0,237.75,237.75,214352,BE,1567.0,136.79,214352.0
2025-01-29,237.75,243.95,226.5,228.05,239870,BE,2207.0,108.69,239870.0
2025-01-30,228.2,235.9,221.0,225.0,181448,BE,1869.0,97.08,181448.0
2025-01-31,222.25,236.0,220.0,235.0,81172,BE,1076.0,75.44,81172.0
2025-02-01,237.0,238.9,226.0,229.02,54791,BE,436.0,125.67,54791.0
2025-02-03,223.01,226.8,220.0,221.75,61758,BE,1133.0,54.51,61758.0
2025-02-04,223.99,232.83,219.25,232.83,109420,BE,982.0,111.43,109420.0
2025-02-05,239.4,244.47,231.1,244.09,193785,BE,1162.0,166.77,193785.0
2025-02-06,242.1,242.1,235.1,236.9,53205,BE,917.0,58.02,53205.0
2025-02-07,241.35,244.0,233.0,235.73,81256,BE,935.0,86.9,81256.0
2025-02-10,235.75,240.99,225.1,227.42,100501,BE,1148.0,87.54,100501.0
2025-02-11,230.5,230.5,216.04,217.31,103313,BE,725.0,142.5,103313.0
2025-02-12,217.31,222.0,206.44,217.82,80603,BE,751.0,107.33,80603.0
2025-02-13,217.82,228.71,217.05,228.68,69646,BE,582.0,119.67,69646.0
2025-02-14,239.0,239.0,218.0,222.12,88357,BE,980.0,90.16,88357.0
2025-02-17,226.7,226.7,217.3,219.04,76177,BE,740.0,102.94,76177.0
2025-02-18,220.9,223.0,213.0,217.61,31654,BE,433.0,73.1,31654.0
2025-02-19,218.15,228.0,212.0,223.2,49177,BE,621.0,79.19,49177.0
2025-02-20,220.5,232.95,220.5,228.96,73770,BE,623.0,118.41,73770.0
2025-02-21,236.0,236.0,222.62,234.05,101488,BE,930.0,109.13,101488.0
2025-02-24,234.05,234.05,225.8,227.87,39816,BE,881.0,45.19,39816.0
2025-02-25,227.5,232.5,224.43,225.16,36308,BE,327.0,111.03,36308.0
2025-02-27,227.9,228.7,218.26,220.44,54163,BE,596.0,90.88,54163.0
2025-02-28,220.0,220.0,209.41,210.44,107778,BE,1098.0,98.16,107778.0
2025-03-03,209.41,214.5,199.91,207.47,137737,BE,1013.0,135.97,137737.0
2025-03-04,204.94,217.84,198.55,217.84,100493,BE,1919.0,52.37,100493.0
2025-03-05,219.0,228.73,219.0,228.73,88403,BE,2468.0,35.82,88403.0
2025-03-06,234.4,240.16,231.05,240.16,79562,BE,798.0,99.7,79562.0
2025-03-07,242.0,251.15,237.0,241.34,80929,BE,943.0,85.82,80929.0
2025-03-10,241.0,244.95,230.5,236.85,51337,BE,864.0,59.42,51337.0
2025-03-11,236.5,236.6,228.1,232.4,69165,BE,783.0,88.33,69165.0
2025-03-12,232.5,236.0,228.1,230.26,38496,BE,1114.0,34.56,38496.0
2025-03-13,232.0,234.24,224.0,225.29,131166,BE,308.0,425.86,131166.0
2025-03-17,225.5,232.9,218.0,220.8,47666,BE,431.0,110.59,47666.0
2025-03-18,224.0,231.8,223.8,228.52,52147,BE,454.0,114.86,52147.0
2025-03-19,233.0,239.94,233.0,239.75,93321,BE,549.0,169.98,93321.0
2025-03-20,239.75,242.15,234.05,235.6,48182,BE,518.0,93.02,48182.0
2025-03-21,235.6,246.0,235.05,242.16,95130,BE,634.0,150.05,95130.0
2025-03-24,246.95,254.26,240.0,253.2,139884,BE,977.0,143.18,139884.0
2025-03-25,259.7,259.7,240.54,241.37,143433,EQ,1918.0,74.78,111343.0
2025-03-26,243.0,244.99,229.3,229.77,150604,EQ,2733.0,55.11,126240.0
2025-03-27,229.5,241.25,225.01,233.32,252034,EQ,3071.0,82.07,156562.0
2025-03-28,232.0,241.99,232.0,234.76,100822,EQ,1749.0,57.65,57309.0
2025-04-01,232.99,239.6,226.81,235.82,119507,EQ,1996.0,59.87,78320.0
2025-04-02,236.05,247.61,233.11,246.38,186018,EQ,2723.0,68.31,102934.0
2025-04-03,244.4,258.69,242.0,258.39,497013,EQ,3517.0,141.32,269006.0
2025-04-04,259.67,260.0,245.47,245.47,223094,EQ,1872.0,119.17,148024.0
2025-04-07,197.0,226.41,196.37,221.18,459022,EQ,13465.0,34.09,195978.0
2025-04-08,229.15,233.93,220.0,227.31,176734,EQ,6380.0,27.7,78766.0
2025-04-09,225.1,228.34,222.09,225.2,90545,EQ,3707.0,24.43,50392.0
2025-04-11,230.0,238.8,230.0,232.21,180353,EQ,7131.0,25.29,104874.0
2025-04-15,235.8,242.5,233.0,241.67,179874,EQ,7333.0,24.53,99342.0
2025-04-16,241.67,252.3,239.61,249.74,277511,EQ,10239.0,27.1,131799.0
2025-04-17,253.4,256.45,247.0,250.85,172855,EQ,6832.0,25.3,75595.0
2025-04-21,251.85,255.0,250.01,253.84,134986,EQ,7864.0,17.17,59919.0
2025-04-22,255.2,264.22,253.22,259.91,340736,EQ,11521.0,29.58,176734.0
2025-04-23,261.74,261.74,250.05,257.97,188845,EQ,8135.0,23.21,91407.0
2025-04-24,259.7,261.01,250.83,253.06,147756,EQ,5967.0,24.76,85590.0
2025-04-25,253.87,254.8,242.22,246.17,129211,EQ,6671.0,19.37,68622.0
2025-04-28,244.75,248.98,242.54,245.24,69039,EQ,3744.0,18.44,31160.0
2025-04-29,247.4,249.9,239.5,240.46,92175,EQ,4140.0,22.26,49333.0
2025-04-30,240.4,243.03,232.6,233.86,103447,EQ,3972.0,26.04,51499.0
2025-05-02,233.31,239.98,233.26,234.72,106151,EQ,4199.0,25.28,54131.0
2025-05-05,234.72,243.98,232.41,242.42,80810,EQ,3741.0,21.6,43250.0
2025-05-06,243.35,245.05,225.5,226.53,127178,EQ,6202.0,20.51,72636.0
2025-05-07,227.92,234.58,224.44,229.02,103179,EQ,5378.0,19.19,29344.0
2025-05-08,229.2,232.2,221.0,223.71,94620,EQ,4155.0,22.77,43673.0
2025-05-09,220.0,230.0,218.08,225.94,135889,EQ,5611.0,24.22,50521.0
2025-05-12,231.0,244.0,231.0,238.69,183238,EQ,11766.0,15.57,87446.0
2025-05-13,239.0,246.64,235.72,242.02,213971,EQ,5112.0,41.86,125126.0
2025-05-14,246.05,257.15,244.49,253.94,366824,EQ,11608.0,31.6,186842.0
2025-05-15,255.0,264.23,252.49,259.15,276159,EQ,23176.0,11.92,132945.0
2025-05-16,259.95,263.9,255.33,259.56,218223,EQ,8717.0,25.03,128196.0
2025-05-19,260.6,277.01,256.02,272.76,614678,EQ,15795.0,38.92,256378.0
2025-05-20,275.3,276.9,263.5,264.77,235086,EQ,7460.0,31.51,122617.0
2025-05-21,264.77,269.0,260.69,266.24,108140,EQ,4393.0,24.62,43497.0
2025-05-22,267.9,269.86,262.0,265.7,83407,EQ,3444.0,24.22,35764.0
2025-05-23,266.7,269.97,263.08,266.65,93154,EQ,4347.0,21.43,39856.0
2025-05-26,268.65,273.63,265.0,267.26,150641,EQ,7176.0,20.99,66714.0
2025-05-27,267.95,273.01,265.55,270.01,197926,EQ,7385.0,26.8,94257.0
2025-05-28,265.0,269.0,261.46,262.21,154695,EQ,6100.0,25.36,74517.0
2025-05-29,262.0,271.99,262.0,267.96,497948,EQ,15646.0,31.83,256977.0
2025-05-30,267.96,269.01,258.29,260.09,260383,EQ,8583.0,30.34,128760.0
2025-06-02,257.5,261.35,253.2,259.15,89033,EQ,3959.0,22.49,39554.0
2025-06-03,259.25,270.4,258.4,262.7,305427,EQ,8801.0,34.7,154473.0
2025-06-04,263.0,278.3,261.6,271.05,954500,EQ,28023.0,34.06,370821.0
2025-06-05,273.4,300.0,273.4,297.1,2939715,EQ,62442.0,47.08,936666.0
2025-06-06,297.1,311.45,293.1,297.0,1728066,EQ,47909.0,36.07,598218.0
2025-06-09,298.05,302.0,287.55,290.7,605220,EQ,14676.0,41.24,305198.0
2025-06-10,288.9,292.05,277.55,279.0,1031504,EQ,17986.0,57.35,665074.0
2025-06-11,280.0,291.95,280.0,282.3,671547,EQ,19872.0,33.79,302860.0
2025-06-12,284.0,284.4,274.5,276.2,280923,EQ,6850.0,41.01,152108.0
2025-06-13,267.6,277.05,267.6,271.7,188642,EQ,7740.0,24.37,82986.0
2025-06-16,271.5,276.4,266.35,270.75,248600,EQ,8428.0,29.5,109442.0
2025-06-17,273.8,289.5,270.7,282.1,1847994,EQ,47526.0,38.88,576501.0
2025-06-18,283.0,288.6,272.2,276.7,456105,EQ,13284.0,34.33,162934.0
2025-06-19,275.0,284.9,267.85,273.95,606591,EQ,18329.0,33.09,174793.0
2025-06-20,275.8,291.25,275.15,283.3,1022642,EQ,28944.0,35.33,258233.0
2025-06-23,283.0,286.55,278.35,283.4,260445,EQ,8626.0,30.19,65866.0
2025-06-24,287.6,294.7,285.05,287.35,719628,EQ,17897.0,40.21,260009.0
2025-06-25,290.0,292.5,286.0,291.25,338609,EQ,8607.0,39.34,164357.0
2025-06-26,295.0,305.95,291.5,302.75,1512034,EQ,30936.0,48.88,504024.0
2025-06-27,306.95,313.0,297.85,299.0,892926,EQ,20640.0,43.26,333072.0
2025-06-30,302.0,318.0,301.8,316.35,1843822,EQ,37239.0,49.51,637530.0
2025-07-01,318.0,319.8,311.55,314.5,841026,EQ,14359.0,58.57,353189.0
2025-07-02,315.0,317.7,305.75,313.45,539595,EQ,12788.0,42.2,231101.0
2025-07-03,315.0,322.0,308.9,310.6,802254,EQ,16121.0,49.76,278824.0
2025-07-04,310.85,315.5,305.5,308.05,441489,EQ,11521.0,38.32,193673.0
2025-07-07,309.3,312.35,300.7,302.05,421018,EQ,10561.0,39.87,170516.0
2025-07-08,301.9,307.9,296.85,301.7,268020,EQ,8696.0,30.82,102922.0
2025-07-09,302.9,304.2,294.1,300.45,298720,EQ,8639.0,34.58,105796.0
2025-07-10,300.0,315.9,296.25,313.2,892517,EQ,16013.0,55.74,340191.0
2025-07-11,310.45,311.2,300.5,302.15,336917,EQ,8323.0,40.48,149477.0
2025-07-14,301.5,301.5,294.05,295.15,273533,EQ,5625.0,48.63,144252.0
2025-07-15,296.45,304.55,295.8,300.85,268518,EQ,9757.0,27.52,123505.0
2025-07-16,300.85,303.7,299.65,302.25,159616,EQ,3988.0,40.02,70295.0
2025-07-17,303.45,307.0,297.5,298.45,204235,EQ,5219.0,39.13,74488.0
2025-07-18,300.0,302.0,290.9,295.75,200679,EQ,7152.0,28.06,75709.0
2025-07-21,295.0,302.15,292.05,298.15,379762,EQ,10439.0,36.38,161332.0
2025-07-22,300.9,307.0,295.5,296.75,313060,EQ,8728.0,35.87,111931.0
2025-07-23,297.45,299.85,292.55,294.35,171072,EQ,5246.0,32.61,80372.0
2025-07-24,294.4,297.25,289.75,291.1,157144,EQ,4121.0,38.13,75180.0
2025-07-25,291.0,291.1,281.85,284.35,207353,EQ,6355.0,32.63,109812.0
2025-07-28,284.35,284.35,275.5,278.35,258689,EQ,6929.0,37.33,118021.0
2025-07-29,280.0,284.05,275.8,282.9,179910,EQ,5464.0,32.93,96873.0
2025-07-30,283.85,291.6,282.35,290.3,232404,EQ,5520.0,42.1,112932.0
2025-07-31,284.0,290.7,281.65,288.4,227838,EQ,7560.0,30.14,103212.0
2025-08-01,285.55,287.0,275.0,277.2,147269,EQ,3545.0,41.54,87397.0
2025-08-04,281.0,292.9,275.4,290.1,303060,EQ,8951.0,33.86,128765.0
2025-08-05,292.0,297.4,287.1,295.5,340295,EQ,9712.0,35.04,153679.0
2025-08-06,291.0,295.1,283.75,286.95,203766,EQ,5794.0,35.17,100160.0
2025-08-07,283.0,293.2,280.75,290.45,190146,EQ,5993.0,31.73,82168.0
2025-08-08,290.95,290.95,282.2,283.9,120240,EQ,3932.0,30.58,58187.0
2025-08-11,283.9,293.0,277.95,289.3,173566,EQ,4932.0,35.19,79228.0
2025-08-12,305.0,309.9,295.0,296.45,1272648,EQ,29439.0,43.23,366695.0
2025-08-13,298.0,314.9,297.35,305.65,1024503,EQ,21670.0,47.28,462893.0
2025-08-14,308.0,309.2,296.35,298.3,189221,EQ,5955.0,31.78,94419.0
2025-08-18,302.4,304.5,295.05,298.85,183508,EQ,5679.0,32.31,100157.0
2025-08-19,298.5,305.9,296.05,303.55,190088,EQ,5320.0,35.73,109232.0
2025-08-20,304.45,312.0,300.6,309.15,689324,EQ,14302.0,48.2,236660.0
2025-08-21,310.0,312.75,301.05,302.2,168423,EQ,5375.0,31.33,80530.0
2025-08-22,302.05,303.6,291.1,291.85,221628,EQ,8339.0,26.58,121644.0
2025-08-25,293.0,294.8,283.65,285.3,203625,EQ,5108.0,39.86,120149.0
2025-08-26,285.0,286.2,273.05,275.6,200783,EQ,5468.0,36.72,119780.0
2025-08-28,274.7,278.35,269.0,269.85,218474,EQ,10246.0,21.32,98360.0
2025-08-29,271.35,271.85,264.55,265.6,133854,EQ,4677.0,28.62,75339.0
2025-09-01,265.6,274.0,265.6,272.75,151574,EQ,7308.0,20.74,76810.0
2025-09-02,274.15,278.2,270.1,271.45,178882,EQ,6826.0,26.21,88518.0
2025-09-03,272.8,278.8,272.3,277.7,223100,EQ,5850.0,38.14,124153.0
2025-09-04,279.95,280.6,266.8,268.05,182105,EQ,5468.0,33.3,114707.0
2025-09-05,268.5,275.8,267.3,268.65,208810,EQ,7664.0,27.25,96157.0
2025-09-08,268.7,272.65,263.0,264.45,236029,EQ,5389.0,43.8,129080.0
2025-09-09,265.0,269.5,263.1,264.35,116737,EQ,3910.0,29.86,67908.0
2025-09-10,265.1,268.45,263.1,264.6,303378,EQ,8216.0,36.93,159169.0
2025-09-11,264.6,269.35,263.2,264.1,164012,EQ,4062.0,40.38,62122.0
2025-09-12,264.15,266.0,261.75,263.25,218646,EQ,4375.0,49.98,112356.0
2025-09-15,264.2,268.7,261.85,267.5,364026,EQ,6958.0,52.32,191398.0
2025-09-16,267.85,273.0,262.75,265.75,245121,EQ,4995.0,49.07,122283.0
2025-09-17,267.85,270.85,266.0,269.65,209940,EQ,5716.0,36.73,105218.0
2025-09-18,269.7,270.9,263.0,263.9,176160,EQ,4100.0,42.97,86520.0
2025-09-19,264.9,266.0,262.1,263.0,178474,EQ,3691.0,48.35,108167.0
2025-09-22,264.95,268.95,263.0,267.2,248457,EQ,3301.0,75.27,171567.0
2025-09-23,265.0,270.0,265.0,267.65,302329,EQ,6971.0,43.37,152040.0
2025-09-24,265.2,273.8,265.2,270.15,293241,EQ,6465.0,45.36,109727.0
2025-09-25,270.1,279.0,268.2,269.7,273766,EQ,7914.0,34.59,109740.0
2025-09-26,267.5,269.05,253.55,256.9,363207,EQ,9477.0,38.33,202590.0
2025-09-29,257.0,265.0,255.75,262.45,386966,EQ,10643.0,36.36,196123.0
2025-09-30,262.95,265.0,260.05,262.35,222841,EQ,4264.0,52.26,112587.0
2025-10-01,264.0,266.85,262.8,265.9,86949,EQ,2709.0,32.1,27516.0
2025-10-03,268.45,277.1,263.85,273.85,378245,EQ,11399.0,33.18,179159.0
2025-10-06,274.85,274.85,266.0,267.2,111123,EQ,4530.0,24.53,57504.0
2025-10-07,267.05,271.1,265.1,266.35,185648,EQ,5130.0,36.19,90894.0
2025-10-08,268.9,268.95,262.1,264.05,96047,EQ,2937.0,32.7,49860.0
2025-10-09,264.1,270.9,260.15,269.85,330035,EQ,9229.0,35.76,131268.0
2025-10-10,270.85,271.3,265.05,267.55,127762,EQ,3697.0,34.56,67589.0
2025-10-13,263.6,268.8,261.9,266.5,180476,EQ,3108.0,58.07,120271.0
2025-10-14,266.0,267.5,259.0,259.8,114849,EQ,3498.0,32.83,69868.0
2025-10-15,259.8,262.6,257.75,261.4,108150,EQ,3922.0,27.58,51662.0
2025-10-16,261.9,263.1,260.4,260.85,54886,EQ,1844.0,29.76,28104.0
2025-10-17,260.85,261.45,255.85,257.2,128847,EQ,2989.0,43.11,83977.0
2025-10-20,258.5,258.85,254.1,256.7,53336,EQ,2252.0,23.68,23118.0
2025-10-21,257.0,262.0,257.0,260.4,40159,EQ,1152.0,34.86,27063.0
2025-10-23,261.25,262.95,257.1,260.5,106934,EQ,3214.0,33.27,48168.0
2025-10-24,260.7,266.6,259.1,263.1,152305,EQ,2980.0,51.11,89151.0
2025-10-27,263.95,264.6,261.3,262.95,53069,EQ,2593.0,20.47,28908.0
2025-10-28,264.9,265.1,261.75,263.95,72508,EQ,2062.0,35.16,38512.0
2025-10-29,263.95,282.95,263.15,274.5,736717,EQ,9901.0,74.41,255259.0
2025-10-30,274.0,275.75,270.5,272.1,76518,EQ,1448.0,52.84,43553.0
2025-10-31,271.35,273.75,266.15,267.9,79878,EQ,1695.0,47.13,44867.0
2025-11-03,265.1,268.9,265.0,267.1,67307,EQ,1251.0,53.8,36148.0
2025-11-04,265.2,268.2,262.1,264.1,70066,EQ,1016.0,68.96,47268.0
2025-11-06,264.1,264.95,257.0,259.1,85647,EQ,1675.0,51.13,53062.0
2025-11-07,257.5,263.45,254.0,260.35,111040,EQ,2090.0,53.13,45878.0
2025-11-10,260.05,262.9,258.9,259.85,72891,EQ,1695.0,43.0,41498.0
2025-11-11,260.5,293.25,258.0,266.55,378739,EQ,6186.0,61.23,135558.0
2025-11-12,267.9,269.5,264.1,268.45,148403,EQ,2189.0,67.79,83720.0
2025-11-13,269.8,273.7,266.6,267.95,171534,EQ,2508.0,68.39,100835.0
2025-11-14,260.0,264.9,257.85,259.35,168703,EQ,3080.0,54.77,105659.0
2025-11-17,260.1,261.0,255.6,256.0,86466,EQ,1669.0,51.81,53916.0
2025-11-18,256.5,256.5,252.05,253.25,59479,EQ,1282.0,46.4,32566.0
2025-11-19,254.0,254.0,247.55,248.65,105459,EQ,2797.0,37.7,67580.0
2025-11-20,248.65,251.0,243.1,244.5,123334,EQ,2344.0,52.62,71379.0
2025-11-21,247.15,254.8,245.55,247.4,278445,EQ,5387.0,51.69,96602.0
2025-11-24,248.1,252.7,245.65,247.8,137595,EQ,2092.0,65.77,92085.0
2025-11-25,247.0,252.0,247.0,249.95,111586,EQ,1622.0,68.8,71849.0
2025-11-26,250.1,256.2,250.1,255.3,59990,EQ,1688.0,35.54,33629.0
2025-11-27,256.0,256.55,251.15,254.75,69927,EQ,1363.0,51.3,41951.0
2025-11-28,256.5,256.5,250.5,254.05,71775,EQ,2066.0,34.74,42153.0
2025-12-01,255.0,256.5,251.35,252.15,38484,EQ,1302.0,29.56,24308.0
2025-12-02,251.5,255.0,250.0,252.15,46990,EQ,1218.0,38.58,35318.0
2025-12-03,252.15,254.55,247.8,250.1,58593,EQ,1556.0,37.66,38994.0
2025-12-04,247.85,253.45,247.85,252.6,43727,EQ,1037.0,42.17,30455.0
2025-12-05,250.55,255.05,249.8,254.0,43090,EQ,1276.0,33.77,30894.0
2025-12-08,256.6,256.6,247.75,248.85,126079,EQ,1516.0,83.17,88987.0
2025-12-09,248.85,258.0,248.15,256.15,113863,EQ,1821.0,62.53,64887.0
2025-12-10,253.6,262.0,253.6,260.0,115268,EQ,1956.0,58.93,68634.0
2025-12-11,259.0,262.0,256.1,260.35,80310,EQ,1434.0,56.0,43123.0
2025-12-12,260.9,262.5,248.65,251.85,266995,EQ,2389.0,111.76,184294.0
2025-12-15,251.85,261.8,251.85,257.7,176360,EQ,3092.0,57.04,106431.0
2025-12-16,255.8,261.0,254.1,257.25,56022,EQ,1810.0,30.95,35213.0
2025-12-17,257.0,260.6,255.95,259.7,121659,EQ,1839.0,66.15,82652.0
2025-12-18,257.0,264.55,257.0,259.75,266392,EQ,5502.0,48.42,89056.0
2025-12-19,260.0,262.0,256.45,261.1,103210,EQ,1918.0,53.81,52742.0
2025-12-22,261.15,270.0,261.15,267.95,153076,EQ,3716.0,41.19,82340.0
2025-12-23,267.5,271.7,266.0,266.65,108146,EQ,2139.0,50.56,51045.0
2025-12-24,269.8,270.0,260.55,264.05,158166,EQ,3697.0,42.78,82560.0
2025-12-26,264.7,269.9,263.4,264.5,79227,EQ,2593.0,30.55,35990.0
2025-12-29,264.5,278.0,263.9,267.3,354849,EQ,6288.0,56.43,128573.0
2025-12-30,267.3,267.3,261.0,263.2,108542,EQ,2683.0,40.46,52730.0
2025-12-31,265.7,277.0,264.1,271.65,430471,EQ,8205.0,52.46,155134.0
2026-01-01,271.75,273.3,269.5,272.1,90729,EQ,1948.0,46.58,42065.0
2026-01-02,272.1,274.5,272.0,273.45,101932,EQ,2353.0,43.32,49340.0
2026-01-05,271.45,274.5,267.05,268.4,113701,EQ,2857.0,39.8,71808.0
2026-01-06,269.3,272.45,265.9,267.65,96500,EQ,2199.0,43.88,46226.0
2026-01-07,266.0,270.0,266.0,268.0,57095,EQ,1522.0,37.51,27945.0
2026-01-08,267.5,268.0,254.8,255.55,174294,EQ,3736.0,46.65,103260.0
2026-01-09,253.0,256.9,248.0,250.1,114908,EQ,2549.0,45.08,59722.0
2026-01-12,248.55,252.95,242.8,250.7,158561,EQ,2895.0,54.77,81517.0
2026-01-13,248.1,258.5,248.1,256.95,138987,EQ,2599.0,53.48,68414.0
2026-01-14,256.0,262.65,255.1,256.55,89791,EQ,2332.0,38.5,34734.0
2026-01-16,255.0,256.85,250.35,254.75,135410,EQ,2702.0,50.11,73728.0
2026-01-19,251.2,257.15,249.9,255.8,115901,EQ,1618.0,71.63,65353.0
2026-01-20,253.0,254.85,247.4,248.2,137863,EQ,2719.0,50.7,88755.0
2026-01-21,249.05,250.95,239.3,241.5,186383,EQ,3385.0,55.06,113511.0
2026-01-22,243.15,248.9,240.25,242.0,66102,EQ,2106.0,31.39,31356.0
2026-01-23,243.2,247.75,238.45,239.2,142835,EQ,2478.0,57.64,80149.0
2026-01-27,239.95,243.7,237.1,239.9,74201,EQ,2631.0,28.2,36505.0
2026-01-28,240.0,249.2,239.85,248.0,88400,EQ,2288.0,38.64,36243.0
2026-01-29,247.75,252.85,246.9,251.1,107563,EQ,2648.0,40.62,40736.0
2026-01-30,248.4,249.35,242.5,244.95,95164,EQ,2185.0,43.55,49032.0
2026-02-01,242.5,246.46,236.19,239.77,68322,EQ,1735.0,39.38,38157.0
2026-02-02,235.1,240.0,231.0,238.1,133675,EQ,2190.0,61.04,53922.0
2026-02-03,242.0,247.5,239.51,241.12,68657,EQ,1477.0,46.48,32310.0
2026-02-04,244.9,263.8,244.9,250.01,397956,EQ,6060.0,65.67,114181.0
2026-02-05,250.7,252.36,246.0,249.4,64354,EQ,1824.0,35.28,30200.0
2026-02-06,248.45,248.86,242.4,245.57,57770,EQ,1896.0,30.47,25074.0
2026-02-09,247.1,258.0,246.0,256.13,121145,EQ,2851.0,42.49,54359.0
2026-02-10,256.75,262.79,255.17,258.19,121342,EQ,2641.0,45.95,56123.0
2026-02-11,258.4,260.9,253.32,255.68,75355,EQ,1364.0,55.25,39468.0
2026-02-12,256.0,256.64,252.22,253.86,71305,EQ,1275.0,55.93,36338.0
2026-02-13,251.0,252.59,243.1,245.09,103661,EQ,1614.0,64.23,64320.0
2026-02-16,248.3,248.7,242.1,243.66,85733,EQ,1363.0,62.9,53144.0
2026-02-17,242.0,247.9,241.41,243.26,63124,EQ,1266.0,49.86,32877.0
2026-02-18,243.5,263.85,242.81,250.09,409432,EQ,4409.0,92.86,175957.0
2026-02-19,250.09,254.31,246.0,247.34,128074,EQ,1992.0,64.29,81738.0
2026-02-20,249.69,249.69,244.0,245.23,85797,EQ,1241.0,69.14,58205.0
2026-02-23,245.23,246.99,240.1,241.57,102954,EQ,1307.0,78.77,68228.0
2026-02-24,242.78,242.78,236.1,238.82,97909,EQ,1435.0,68.23,61037.0
2026-02-25,239.98,251.77,239.98,249.88,229984,EQ,3247.0,70.83,86802.0
2026-02-26,250.69,255.0,247.1,249.2,140492,EQ,2006.0,70.04,72979.0
2026-02-27,247.41,249.3,244.11,246.04,117951,EQ,1813.0,65.06,38958.0
2026-03-02,240.0,247.59,235.49,243.73,124446,EQ,2205.0,56.44,53585.0
2026-03-04,238.05,242.0,233.1,236.66,106433,EQ,2404.0,44.27,60976.0
2026-03-05,239.2,240.73,235.12,239.08,129253,EQ,1841.0,70.21,38734.0
2026-03-06,237.5,242.8,235.11,236.57,75264,EQ,1034.0,72.79,37539.0
2026-03-09,232.0,234.6,221.22,224.62,189356,EQ,2827.0,66.98,89074.0
2026-03-10,230.0,231.88,223.82,227.96,113239,EQ,1752.0,64.63,52807.0
2026-03-11,227.96,233.24,226.39,228.12,110671,EQ,3131.0,35.35,61723.0
2026-03-12,225.04,231.4,221.41,225.88,258506,EQ,4135.0,62.52,168675.0
2026-03-13,224.1,224.5,208.95,211.82,245447,EQ,4567.0,53.74,161686.0
2026-03-16,210.1,211.0,205.0,208.41,150210,EQ,2141.0,70.16,91749.0
2026-03-17,208.9,213.8,206.14,212.73,253185,EQ,5805.0,43.61,130211.0
2026-03-18,214.31,223.6,213.0,220.61,128576,EQ,1825.0,70.45,63292.0
2026-03-19,215.0,219.75,212.4,215.05,124306,EQ,1690.0,73.55,64530.0
2026-03-20,217.9,222.65,216.1,217.64,121794,EQ,1792.0,67.97,56531.0
2026-03-23,215.01,215.01,206.0,207.2,174233,EQ,1904.0,91.51,102426.0
2026-03-24,209.5,215.99,207.46,211.62,152365,EQ,2157.0,70.64,72369.0
2026-03-25,212.5,220.0,212.5,218.66,141017,EQ,2070.0,68.12,86547.0
2026-03-27,217.56,218.0,201.87,202.93,582184,EQ,6930.0,84.01,316711.0
2026-03-30,200.07,203.9,192.15,194.1,307239,EQ,3370.0,91.17,152334.0
2026-04-01,198.5,216.45,198.5,213.13,214792,EQ,3348.0,64.16,105085.0
2026-04-02,211.0,215.8,204.83,214.17,371137,EQ,4326.0,85.79,157104.0
2026-04-06,213.5,228.64,209.25,225.94,413946,EQ,4456.0,92.9,166446.0
2026-04-07,221.3,238.29,221.3,232.47,321508,EQ,3962.0,81.15,139514.0
2026-04-08,239.47,241.4,234.0,239.85,372262,EQ,2960.0,125.76,183829.0
2026-04-09,239.9,243.5,236.25,238.86,131829,EQ,1953.0,67.5,58464.0
2026-04-10,242.5,250.99,240.15,249.42,280548,EQ,2524.0,111.15,169872.0
2026-04-13,245.0,255.26,240.62,249.86,300665,EQ,2984.0,100.76,135015.0
2026-04-15,255.69,269.0,253.21,266.28,397769,EQ,4493.0,88.53,212076.0
2026-04-16,269.7,273.88,261.65,270.94,318785,EQ,4454.0,71.57,138126.0
2026-04-17,272.0,279.59,270.94,272.97,428291,EQ,5978.0,71.64,217912.0
2026-04-20,273.0,275.5,265.6,267.19,232811,EQ,2880.0,80.84,118000.0
2026-04-21,267.19,285.47,267.18,279.61,400041,EQ,5054.0,79.15,238420.0
2026-04-22,279.61,299.36,279.61,297.31,843228,EQ,18726.0,45.03,422814.0
2026-04-23,296.0,299.31,286.4,291.49,260303,EQ,7204.0,36.13,132988.0
2026-04-24,293.8,294.0,282.02,287.1,173011,EQ,5873.0,29.46,72562.0
2026-04-27,291.0,301.5,289.0,296.05,269973,EQ,8834.0,30.56,142337.0
2026-04-28,296.25,306.6,293.25,294.48,277169,EQ,8201.0,33.8,113536.0
2026-04-29,294.48,296.2,290.82,293.07,99926,EQ,3280.0,30.47,47809.0
2026-04-30,292.5,294.07,285.51,292.61,134016,EQ,4870.0,27.52,52729.0
2026-05-04,293.1,326.95,293.1,321.15,1420861,EQ,28747.0,49.43,524510.0
2026-05-05,335.0,385.35,335.0,350.8,15681697,EQ,226142.0,69.34,2214783.0
2026-05-06,359.05,405.0,359.0,396.65,11325606,EQ,160921.0,70.38,1540314.0
2026-05-07,397.7,428.0,394.1,412.3,3983089,EQ,55105.0,72.28,819827.0
2026-05-08,403.05,423.9,403.05,415.85,1347667,EQ,24184.0,55.73,330022.0
2026-05-11,405.85,409.9,375.85,383.5,1125733,EQ,13819.0,81.46,392427.0
2026-05-12,383.0,385.85,363.15,365.7,594995,EQ,9680.0,61.47,259523.0
2026-05-13,363.0,384.85,361.2,379.1,581341,EQ,9987.0,58.21,198753.0
2026-05-14,382.65,396.8,375.15,378.1,446418,EQ,9521.0,46.89,154157.0
2026-05-15,381.5,381.5,367.0,373.45,263377,EQ,6002.0,43.88,94398.0
2026-05-18,372.3,372.3,350.55,355.45,298148,EQ,7168.0,41.59,114843.0
2026-05-19,357.45,368.0,354.65,358.55,192259,EQ,5323.0,36.12,98854.0
2026-05-20,356.05,356.85,344.6,350.15,201213,EQ,5631.0,35.73,92122.0
2026-05-21,352.1,368.0,352.05,364.75,435378,EQ,7892.0,55.17,219747.0
2026-05-22,368.4,382.15,362.55,377.25,465672,EQ,9673.0,48.14,186296.0
2026-05-25,384.8,391.5,378.4,388.45,450894,EQ,8363.0,53.92,210229.0
2026-05-26,391.9,407.0,385.15,394.45,700524,EQ,12798.0,54.74,303153.0
2026-05-27,396.9,405.0,389.05,391.85,343194,EQ,5692.0,60.29,180228.0
2026-05-29,393.75,393.75,369.25,373.75,363618,EQ,8664.0,41.97,174097.0
2026-06-01,365.05,391.0,357.75,374.5,488220,EQ,9309.0,52.45,229707.0
2026-06-02,376.9,383.4,365.05,375.85,312883,EQ,6454.0,48.48,142190.0
2026-06-03,379.0,387.15,370.2,383.0,499290,EQ,9769.0,51.11,183498.0
2026-06-04,384.0,414.9,384.0,406.85,1358071,EQ,19514.0,69.59,537925.0
2026-06-05,416.0,427.2,367.65,372.1,2098106,EQ,32647.0,64.27,815990.0
2026-06-08,366.9,367.0,349.0,350.25,476754,EQ,9382.0,50.82,209040.0
2026-06-09,354.9,364.85,341.5,357.1,475829,EQ,9645.0,49.33,158739.0
2026-06-10,357.0,357.0,338.55,343.85,277380,EQ,5327.0,52.07,115397.0
2026-06-11,341.0,350.65,333.55,335.2,263261,EQ,5964.0,44.14,105600.0
2026-06-12,340.8,355.7,340.6,352.45,299393,EQ,6548.0,45.72,146976.0
2026-06-15,360.0,370.0,357.3,360.85,319013,EQ,6717.0,47.49,143363.0
2026-06-16,363.0,366.3,355.0,364.7,179270,EQ,4430.0,40.47,90137.0
2026-06-17,367.4,369.5,358.05,365.0,174017,EQ,5210.0,33.4,81619.0
2026-06-18,367.0,367.0,357.05,360.0,134393,EQ,3032.0,44.32,82516.0
2026-06-19,357.6,360.8,352.5,358.55,93273,EQ,2400.0,38.86,50220.0
2026-06-22,356.4,368.9,355.5,358.1,158892,EQ,3614.0,43.97,67689.0
2026-06-23,359.0,359.0,347.0,350.85,146529,EQ,3647.0,40.18,77430.0
2026-06-24,350.0,353.25,337.55,340.7,167691,EQ,3621.0,46.31,107884.0
2026-06-25,338.6,347.9,335.1,345.15,151710,EQ,3547.0,42.77,71274.0
2026-06-29,344.0,344.0,333.15,340.95,148586,EQ,4449.0,33.4,66855.0
2026-06-30,342.9,343.4,338.9,340.05,59321,EQ,2348.0,25.26,32215.0
2026-07-01,338.0,345.0,334.5,339.35,137771,EQ,4126.0,33.39,69248.0
2026-07-02,339.4,370.0,339.4,355.3,461975,EQ,13374.0,34.54,196006.0
2026-07-03,358.1,364.3,350.1,353.35,154901,EQ,3908.0,39.64,89000.0
2026-07-06,352.0,353.0,340.15,342.15,144654,EQ,2799.0,51.68,91501.0
2026-07-07,342.15,342.55,331.05,332.8,149155,EQ,3661.0,40.74,91745.0
2026-07-08,330.0,343.05,323.3,327.4,175897,EQ,4102.0,42.88,78652.0
2026-07-09,329.95,341.2,329.0,334.65,119025,EQ,3389.0,35.12,47239.0
2026-07-10,334.65,346.5,334.65,342.7,146161,EQ,4277.0,34.17,77315.0
2026-07-13,340.0,354.9,338.55,344.05,370486,EQ,8708.0,42.55,170153.0
2026-07-14,344.7,347.65,337.2,339.65,117453,EQ,3200.0,36.7,70312.0
2026-07-15,342.0,348.95,336.8,347.05,133178,EQ,3234.0,41.18,74717.0
2026-07-16,347.1,356.65,347.1,353.0,332763,EQ,6038.0,55.11,144495.0
2026-07-17,355.0,355.0,338.25,344.65,169521,EQ,4249.0,39.9,85334.0
2026-07-20,346.0,354.2,342.4,351.1,136153,EQ,3272.0,41.61,66633.0
2026-07-21,351.2,369.0,350.25,360.05,454140,EQ,9080.0,50.02,239233.0
2026-07-22,361.1,361.2,348.05,350.25,119979,EQ,3361.0,35.7,61754.0
2026-07-23,351.9,355.0,343.6,349.6,108330,EQ,2846.0,38.06,54446.0
2026-07-24,343.6,351.9,340.45,348.7,129423,EQ,3068.0,42.18,56107.0
2026-07-27,352.9,368.0,352.9,362.15,253363,EQ,5667.0,44.71,146559.0
2026-07-28,367.0,367.0,353.05,355.1,97058,EQ,2704.0,35.89,51997.0
2026-07-29,359.5,364.55,355.25,359.4,158599,EQ,3496.0,45.37,83393.0
2026-07-30,363.0,364.8,355.05,357.8,90632,EQ,2067.0,43.85,51476.0
2026-07-31,358.9,367.0,356.55,365.3,199878,EQ,3711.0,53.86,131064.0
2026-08-03,370.05,379.3,363.1,366.85,422640,EQ,8122.0,52.04,224303.0
2026-08-04,368.0,375.9,365.6,368.25,240042,EQ,5893.0,40.73,121231.0
2026-08-05,370.5,377.45,364.9,375.3,380764,EQ,7231.0,52.66,239132.0
2026-08-06,379.5,394.4,379.0,388.95,896376,EQ,15251.0,58.77,537448.0
2026-08-07,392.4,392.4,377.05,389.4,305259,EQ,6170.0,49.47,143268.0
2026-08-10,390.0,391.1,379.5,380.85,199815,EQ,5234.0,38.18,110510.0
2026-08-11,384.0,384.4,363.15,369.0,222995,EQ,4874.0,45.75,135029.0
2026-08-12,372.0,374.6,355.0,359.6,276471,EQ,8449.0,32.72,122475.0
2026-08-13,363.15,368.0,355.1,357.3,93899,EQ,3022.0,31.07,47531.0
2026-08-14,357.3,360.55,352.35,355.15,98181,EQ,2354.0,41.71,46474.0
2026-08-17,355.0,361.5,352.5,360.75,105590,EQ,2716.0,38.88,55183.0
2026-08-18,362.9,363.9,355.75,357.4,84805,EQ,2229.0,38.05,42709.0
2026-08-19,357.55,357.55,352.05,353.55,69288,EQ,1667.0,41.56,37900.0
2026-08-20,354.15,365.5,353.0,358.15,140449,EQ,3825.0,36.72,84070.0
2026-08-21,359.9,361.8,348.1,353.85,303240,EQ,5960.0,50.88,173072.0
2026-08-24,355.1,361.0,352.05,354.05,157709,EQ,3226.0,48.89,82793.0
2026-08-25,354.9,356.9,347.05,348.35,144595,EQ,2977.0,48.57,84820.0
2026-08-26,349.5,352.9,342.45,350.45,341062,EQ,4208.0,81.05,179266.0
2026-08-27,353.35,354.0,342.2,344.4,120437,EQ,2612.0,46.11,69357.0
2026-08-28,344.8,351.2,344.8,348.25,80367,EQ,1721.0,46.7,42282.0
2026-08-31,350.0,350.5,339.1,340.3,137980,EQ,3008.0,45.87,72422.0
2026-09-01,340.0,343.15,335.8,339.65,106805,EQ,2583.0,41.35,52227.0
2026-09-02,339.9,354.2,335.05,347.3,335900,EQ,6064.0,55.39,108610.0
2026-09-03,352.0,356.5,345.25,346.5,154701,EQ,3739.0,41.37,67384.0
2026-09-04,349.95,350.75,342.2,343.7,90403,EQ,1842.0,49.08,52661.0
2026-09-07,343.7,345.45,337.05,338.4,120395,EQ,2790.0,43.15,72631.0
2026-09-08,342.9,342.9,336.5,338.3,94593,EQ,2540.0,37.24,52264.0
2026-09-09,340.0,340.0,329.35,331.35,129992,EQ,2820.0,46.1,79122.0
2026-09-10,330.0,347.0,330.0,345.4,295191,EQ,5329.0,55.39,150375.0
2026-09-11,344.85,344.85,334.0,337.2,122690,EQ,3023.0,40.59,57550.0
2026-09-15,337.2,339.5,328.5,331.55,103768,EQ,3783.0,27.43,52563.0
2026-09-16,325.0,347.75,325.0,339.0,213617,EQ,5020,42.55,81518
2026-09-17,337.1,345.9,337.1,343.7,86885,EQ,2160,40.22,50780
2026-09-18,346.8,354.0,343.0,345.1,219245,EQ,5714,38.37,107513
